1.614000000000000000e+03 1.032139964867383186e-02
0.000000000000000000e+00 2.064279929734766372e-02
0.000000000000000000e+00 3.096419894602149558e-02
0.000000000000000000e+00 4.128559859469532745e-02
0.000000000000000000e+00 5.160699824336915931e-02
0.000000000000000000e+00 6.192839789204299117e-02
0.000000000000000000e+00 7.224979754071682303e-02
0.000000000000000000e+00 8.257119718939065489e-02
0.000000000000000000e+00 9.289259683806448675e-02
0.000000000000000000e+00 1.032139964867383186e-01
0.000000000000000000e+00 1.135353961354121505e-01
0.000000000000000000e+00 1.238567957840859823e-01
0.000000000000000000e+00 1.341781954327598281e-01
0.000000000000000000e+00 1.444995950814336461e-01
0.000000000000000000e+00 1.548209947301074640e-01
0.000000000000000000e+00 1.651423943787813098e-01
0.000000000000000000e+00 1.754637940274551555e-01
0.000000000000000000e+00 1.857851936761289735e-01
0.000000000000000000e+00 1.961065933248027915e-01
0.000000000000000000e+00 2.064279929734766372e-01
0.000000000000000000e+00 2.167493926221504830e-01
0.000000000000000000e+00 2.270707922708243010e-01
0.000000000000000000e+00 2.373921919194981189e-01
0.000000000000000000e+00 2.477135915681719647e-01
0.000000000000000000e+00 2.580349912168458104e-01
0.000000000000000000e+00 2.683563908655196562e-01
0.000000000000000000e+00 2.786777905141934464e-01
0.000000000000000000e+00 2.889991901628672921e-01
1.000000000000000000e+00 2.993205898115411379e-01
0.000000000000000000e+00 3.096419894602149281e-01
0.000000000000000000e+00 3.199633891088887738e-01
0.000000000000000000e+00 3.302847887575626196e-01
0.000000000000000000e+00 3.406061884062364653e-01
0.000000000000000000e+00 3.509275880549103110e-01
1.000000000000000000e+00 3.612489877035841013e-01
1.000000000000000000e+00 3.715703873522579470e-01
3.000000000000000000e+00 3.818917870009317928e-01
6.000000000000000000e+00 3.922131866496055830e-01
9.000000000000000000e+00 4.025345862982794287e-01
8.000000000000000000e+00 4.128559859469532745e-01
1.300000000000000000e+01 4.231773855956271202e-01
1.500000000000000000e+01 4.334987852443009659e-01
2.400000000000000000e+01 4.438201848929747562e-01
2.100000000000000000e+01 4.541415845416486019e-01
2.400000000000000000e+01 4.644629841903224476e-01
2.600000000000000000e+01 4.747843838389962379e-01
5.100000000000000000e+01 4.851057834876700836e-01
6.000000000000000000e+01 4.954271831363439293e-01
6.000000000000000000e+01 5.057485827850177751e-01
8.300000000000000000e+01 5.160699824336916208e-01
7.100000000000000000e+01 5.263913820823654666e-01
9.400000000000000000e+01 5.367127817310393123e-01
9.000000000000000000e+01 5.470341813797130470e-01
9.100000000000000000e+01 5.573555810283868928e-01
9.100000000000000000e+01 5.676769806770607385e-01
1.000000000000000000e+02 5.779983803257345842e-01
8.200000000000000000e+01 5.883197799744084300e-01
1.100000000000000000e+02 5.986411796230822757e-01
8.200000000000000000e+01 6.089625792717561215e-01
9.800000000000000000e+01 6.192839789204298562e-01
8.200000000000000000e+01 6.296053785691037019e-01
6.400000000000000000e+01 6.399267782177775477e-01
5.800000000000000000e+01 6.502481778664513934e-01
5.400000000000000000e+01 6.605695775151252391e-01
4.600000000000000000e+01 6.708909771637990849e-01
4.600000000000000000e+01 6.812123768124729306e-01
3.700000000000000000e+01 6.915337764611467763e-01
2.100000000000000000e+01 7.018551761098206221e-01
1.800000000000000000e+01 7.121765757584943568e-01
2.500000000000000000e+01 7.224979754071682025e-01
1.000000000000000000e+01 7.328193750558420483e-01
1.000000000000000000e+01 7.431407747045158940e-01
1.500000000000000000e+01 7.534621743531897398e-01
5.000000000000000000e+00 7.637835740018635855e-01
3.000000000000000000e+00 7.741049736505374312e-01
5.000000000000000000e+00 7.844263732992111660e-01
5.000000000000000000e+00 7.947477729478850117e-01
1.000000000000000000e+00 8.050691725965588574e-01
0.000000000000000000e+00 8.153905722452327032e-01
2.000000000000000000e+00 8.257119718939065489e-01
1.000000000000000000e+00 8.360333715425803947e-01
0.000000000000000000e+00 8.463547711912542404e-01
0.000000000000000000e+00 8.566761708399280861e-01
0.000000000000000000e+00 8.669975704886019319e-01
0.000000000000000000e+00 8.773189701372756666e-01
0.000000000000000000e+00 8.876403697859495123e-01
0.000000000000000000e+00 8.979617694346233581e-01
0.000000000000000000e+00 9.082831690832972038e-01
0.000000000000000000e+00 9.186045687319710495e-01
0.000000000000000000e+00 9.289259683806448953e-01
0.000000000000000000e+00 9.392473680293187410e-01
1.000000000000000000e+00 9.495687676779924757e-01
0.000000000000000000e+00 9.598901673266663215e-01
0.000000000000000000e+00 9.702115669753401672e-01
0.000000000000000000e+00 9.805329666240140130e-01
0.000000000000000000e+00 9.908543662726878587e-01
1.000000000000000000e+00 1.001175765921361593e+00
0.000000000000000000e+00 1.011497165570035550e+00
3.000000000000000000e+00 1.021818565218709285e+00
2.000000000000000000e+00 1.032139964867383242e+00
4.000000000000000000e+00 1.042461364516056976e+00
8.000000000000000000e+00 1.052782764164730933e+00
3.000000000000000000e+00 1.063104163813404668e+00
4.000000000000000000e+00 1.073425563462078625e+00
7.000000000000000000e+00 1.083746963110752359e+00
1.300000000000000000e+01 1.094068362759426094e+00
1.600000000000000000e+01 1.104389762408100051e+00
1.500000000000000000e+01 1.114711162056773786e+00
1.100000000000000000e+01 1.125032561705447742e+00
1.800000000000000000e+01 1.135353961354121477e+00
2.600000000000000000e+01 1.145675361002795434e+00
3.400000000000000000e+01 1.155996760651469168e+00
3.700000000000000000e+01 1.166318160300142903e+00
3.900000000000000000e+01 1.176639559948816860e+00
4.700000000000000000e+01 1.186960959597490595e+00
3.600000000000000000e+01 1.197282359246164551e+00
4.200000000000000000e+01 1.207603758894838286e+00
4.600000000000000000e+01 1.217925158543512243e+00
4.500000000000000000e+01 1.228246558192185978e+00
4.200000000000000000e+01 1.238567957840859712e+00
5.300000000000000000e+01 1.248889357489533669e+00
5.600000000000000000e+01 1.259210757138207404e+00
4.600000000000000000e+01 1.269532156786881361e+00
3.800000000000000000e+01 1.279853556435555095e+00
4.300000000000000000e+01 1.290174956084229052e+00
4.500000000000000000e+01 1.300496355732902787e+00
4.200000000000000000e+01 1.310817755381576744e+00
4.000000000000000000e+01 1.321139155030250478e+00
2.200000000000000000e+01 1.331460554678924213e+00
2.700000000000000000e+01 1.341781954327598170e+00
2.500000000000000000e+01 1.352103353976271904e+00
1.700000000000000000e+01 1.362424753624945861e+00
1.700000000000000000e+01 1.372746153273619596e+00
1.600000000000000000e+01 1.383067552922293553e+00
1.100000000000000000e+01 1.393388952570967287e+00
6.000000000000000000e+00 1.403710352219641244e+00
5.000000000000000000e+00 1.414031751868314979e+00
1.000000000000000000e+01 1.424353151516988714e+00
3.000000000000000000e+00 1.434674551165662670e+00
2.000000000000000000e+00 1.444995950814336405e+00
3.000000000000000000e+00 1.455317350463010362e+00
1.000000000000000000e+00 1.465638750111684097e+00
4.000000000000000000e+00 1.475960149760358053e+00
0.000000000000000000e+00 1.486281549409031788e+00
1.000000000000000000e+00 1.496602949057705523e+00
2.000000000000000000e+00 1.506924348706379480e+00
0.000000000000000000e+00 1.517245748355053214e+00
0.000000000000000000e+00 1.527567148003727171e+00
0.000000000000000000e+00 1.537888547652400906e+00
0.000000000000000000e+00 1.548209947301074862e+00
0.000000000000000000e+00 1.558531346949748597e+00
0.000000000000000000e+00 1.568852746598422332e+00
0.000000000000000000e+00 1.579174146247096289e+00
0.000000000000000000e+00 1.589495545895770023e+00
0.000000000000000000e+00 1.599816945544443980e+00
0.000000000000000000e+00 1.610138345193117715e+00
0.000000000000000000e+00 1.620459744841791672e+00
0.000000000000000000e+00 1.630781144490465406e+00
0.000000000000000000e+00 1.641102544139139363e+00
1.000000000000000000e+00 1.651423943787813098e+00
0.000000000000000000e+00 1.661745343436486833e+00
1.000000000000000000e+00 1.672066743085160789e+00
1.000000000000000000e+00 1.682388142733834524e+00
1.000000000000000000e+00 1.692709542382508481e+00
0.000000000000000000e+00 1.703030942031182216e+00
4.000000000000000000e+00 1.713352341679856172e+00
2.000000000000000000e+00 1.723673741328529907e+00
1.000000000000000000e+00 1.733995140977203864e+00
4.000000000000000000e+00 1.744316540625877598e+00
6.000000000000000000e+00 1.754637940274551333e+00
5.000000000000000000e+00 1.764959339923225290e+00
1.200000000000000000e+01 1.775280739571899025e+00
3.000000000000000000e+00 1.785602139220572981e+00
7.000000000000000000e+00 1.795923538869246716e+00
9.000000000000000000e+00 1.806244938517920673e+00
8.000000000000000000e+00 1.816566338166594408e+00
1.800000000000000000e+01 1.826887737815268142e+00
1.200000000000000000e+01 1.837209137463942099e+00
1.700000000000000000e+01 1.847530537112615834e+00
2.200000000000000000e+01 1.857851936761289791e+00
1.800000000000000000e+01 1.868173336409963525e+00
1.300000000000000000e+01 1.878494736058637482e+00
1.500000000000000000e+01 1.888816135707311217e+00
1.800000000000000000e+01 1.899137535355984951e+00
9.000000000000000000e+00 1.909458935004658908e+00
1.700000000000000000e+01 1.919780334653332643e+00
1.700000000000000000e+01 1.930101734302006600e+00
1.600000000000000000e+01 1.940423133950680334e+00
1.600000000000000000e+01 1.950744533599354291e+00
1.700000000000000000e+01 1.961065933248028026e+00
1.200000000000000000e+01 1.971387332896701983e+00
1.300000000000000000e+01 1.981708732545375717e+00
1.500000000000000000e+01 1.992030132194049452e+00
2.000000000000000000e+00 2.002351531842723187e+00
9.000000000000000000e+00 2.012672931491397144e+00
1.300000000000000000e+01 2.022994331140071100e+00
7.000000000000000000e+00 2.033315730788745057e+00
5.000000000000000000e+00 2.043637130437418570e+00
1.300000000000000000e+01 2.053958530086092527e+00
6.000000000000000000e+00 2.064279929734766483e+00
3.000000000000000000e+00 2.074601329383439996e+00
1.000000000000000000e+00 2.084922729032113953e+00
4.000000000000000000e+00 2.095244128680787910e+00
3.000000000000000000e+00 2.105565528329461866e+00
4.000000000000000000e+00 2.115886927978135379e+00
2.000000000000000000e+00 2.126208327626809336e+00
0.000000000000000000e+00 2.136529727275483292e+00
0.000000000000000000e+00 2.146851126924157249e+00
0.000000000000000000e+00 2.157172526572830762e+00
2.000000000000000000e+00 2.167493926221504719e+00
1.000000000000000000e+00 2.177815325870178675e+00
0.000000000000000000e+00 2.188136725518852188e+00
0.000000000000000000e+00 2.198458125167526145e+00
0.000000000000000000e+00 2.208779524816200102e+00
1.000000000000000000e+00 2.219100924464874058e+00
0.000000000000000000e+00 2.229422324113547571e+00
0.000000000000000000e+00 2.239743723762221528e+00
0.000000000000000000e+00 2.250065123410895485e+00
0.000000000000000000e+00 2.260386523059568997e+00
0.000000000000000000e+00 2.270707922708242954e+00
0.000000000000000000e+00 2.281029322356916911e+00
0.000000000000000000e+00 2.291350722005590868e+00
0.000000000000000000e+00 2.301672121654264380e+00
0.000000000000000000e+00 2.311993521302938337e+00
1.000000000000000000e+00 2.322314920951612294e+00
0.000000000000000000e+00 2.332636320600285806e+00
0.000000000000000000e+00 2.342957720248959763e+00
0.000000000000000000e+00 2.353279119897633720e+00
0.000000000000000000e+00 2.363600519546307677e+00
0.000000000000000000e+00 2.373921919194981189e+00
1.000000000000000000e+00 2.384243318843655146e+00
0.000000000000000000e+00 2.394564718492329103e+00
1.000000000000000000e+00 2.404886118141002616e+00
0.000000000000000000e+00 2.415207517789676572e+00
3.000000000000000000e+00 2.425528917438350529e+00
2.000000000000000000e+00 2.435850317087024486e+00
2.000000000000000000e+00 2.446171716735697999e+00
0.000000000000000000e+00 2.456493116384371955e+00
2.000000000000000000e+00 2.466814516033045912e+00
4.000000000000000000e+00 2.477135915681719425e+00
0.000000000000000000e+00 2.487457315330393381e+00
4.000000000000000000e+00 2.497778714979067338e+00
3.000000000000000000e+00 2.508100114627741295e+00
5.000000000000000000e+00 2.518421514276414808e+00
2.000000000000000000e+00 2.528742913925088764e+00
2.000000000000000000e+00 2.539064313573762721e+00
4.000000000000000000e+00 2.549385713222436678e+00
3.000000000000000000e+00 2.559707112871110191e+00
8.000000000000000000e+00 2.570028512519784147e+00
5.000000000000000000e+00 2.580349912168458104e+00
1.000000000000000000e+00 2.590671311817131617e+00
0.000000000000000000e+00 2.600992711465805574e+00
4.000000000000000000e+00 2.611314111114479530e+00
5.000000000000000000e+00 2.621635510763153487e+00
3.000000000000000000e+00 2.631956910411827000e+00
8.000000000000000000e+00 2.642278310060500957e+00
4.000000000000000000e+00 2.652599709709174913e+00
2.000000000000000000e+00 2.662921109357848426e+00
4.000000000000000000e+00 2.673242509006522383e+00
2.000000000000000000e+00 2.683563908655196339e+00
2.000000000000000000e+00 2.693885308303870296e+00
1.000000000000000000e+00 2.704206707952543809e+00
4.000000000000000000e+00 2.714528107601217766e+00
2.000000000000000000e+00 2.724849507249891722e+00
0.000000000000000000e+00 2.735170906898565235e+00
1.000000000000000000e+00 2.745492306547239192e+00
2.000000000000000000e+00 2.755813706195913149e+00
1.000000000000000000e+00 2.766135105844587105e+00
1.000000000000000000e+00 2.776456505493260618e+00
2.000000000000000000e+00 2.786777905141934575e+00
0.000000000000000000e+00 2.797099304790608532e+00
0.000000000000000000e+00 2.807420704439282488e+00
0.000000000000000000e+00 2.817742104087956001e+00
0.000000000000000000e+00 2.828063503736629958e+00
0.000000000000000000e+00 2.838384903385303915e+00
0.000000000000000000e+00 2.848706303033977427e+00
0.000000000000000000e+00 2.859027702682651384e+00
1.000000000000000000e+00 2.869349102331325341e+00
0.000000000000000000e+00 2.879670501979999298e+00
0.000000000000000000e+00 2.889991901628672810e+00
0.000000000000000000e+00 2.900313301277346767e+00
0.000000000000000000e+00 2.910634700926020724e+00
0.000000000000000000e+00 2.920956100574694236e+00
0.000000000000000000e+00 2.931277500223368193e+00
0.000000000000000000e+00 2.941598899872042150e+00
0.000000000000000000e+00 2.951920299520716107e+00
0.000000000000000000e+00 2.962241699169389619e+00
0.000000000000000000e+00 2.972563098818063576e+00
0.000000000000000000e+00 2.982884498466737533e+00
0.000000000000000000e+00 2.993205898115411046e+00
0.000000000000000000e+00 3.003527297764085002e+00
1.000000000000000000e+00 3.013848697412758959e+00
0.000000000000000000e+00 3.024170097061432916e+00
0.000000000000000000e+00 3.034491496710106428e+00
0.000000000000000000e+00 3.044812896358780385e+00
2.000000000000000000e+00 3.055134296007454342e+00
0.000000000000000000e+00 3.065455695656127855e+00
0.000000000000000000e+00 3.075777095304801811e+00
0.000000000000000000e+00 3.086098494953475768e+00
0.000000000000000000e+00 3.096419894602149725e+00
0.000000000000000000e+00 3.106741294250823238e+00
0.000000000000000000e+00 3.117062693899497194e+00
2.000000000000000000e+00 3.127384093548171151e+00
1.000000000000000000e+00 3.137705493196844664e+00
0.000000000000000000e+00 3.148026892845518621e+00
0.000000000000000000e+00 3.158348292494192577e+00
0.000000000000000000e+00 3.168669692142866534e+00
0.000000000000000000e+00 3.178991091791540047e+00
0.000000000000000000e+00 3.189312491440214004e+00
0.000000000000000000e+00 3.199633891088887960e+00
1.000000000000000000e+00 3.209955290737561917e+00
1.000000000000000000e+00 3.220276690386235430e+00
0.000000000000000000e+00 3.230598090034909387e+00
1.000000000000000000e+00 3.240919489683583343e+00
0.000000000000000000e+00 3.251240889332256856e+00
0.000000000000000000e+00 3.261562288980930813e+00
0.000000000000000000e+00 3.271883688629604769e+00
1.000000000000000000e+00 3.282205088278278726e+00
0.000000000000000000e+00 3.292526487926952239e+00
1.000000000000000000e+00 3.302847887575626196e+00
1.000000000000000000e+00 3.313169287224300152e+00
1.000000000000000000e+00 3.323490686872973665e+00
0.000000000000000000e+00 3.333812086521647622e+00
0.000000000000000000e+00 3.344133486170321579e+00
0.000000000000000000e+00 3.354454885818995535e+00
0.000000000000000000e+00 3.364776285467669048e+00
0.000000000000000000e+00 3.375097685116343005e+00
1.000000000000000000e+00 3.385419084765016962e+00
1.000000000000000000e+00 3.395740484413690474e+00
0.000000000000000000e+00 3.406061884062364431e+00
0.000000000000000000e+00 3.416383283711038388e+00
0.000000000000000000e+00 3.426704683359712345e+00
0.000000000000000000e+00 3.437026083008385857e+00
0.000000000000000000e+00 3.447347482657059814e+00
0.000000000000000000e+00 3.457668882305733771e+00
0.000000000000000000e+00 3.467990281954407727e+00
0.000000000000000000e+00 3.478311681603081240e+00
0.000000000000000000e+00 3.488633081251755197e+00
0.000000000000000000e+00 3.498954480900429154e+00
0.000000000000000000e+00 3.509275880549102666e+00
0.000000000000000000e+00 3.519597280197776623e+00
0.000000000000000000e+00 3.529918679846450580e+00
0.000000000000000000e+00 3.540240079495124537e+00
0.000000000000000000e+00 3.550561479143798049e+00
0.000000000000000000e+00 3.560882878792472006e+00
0.000000000000000000e+00 3.571204278441145963e+00
0.000000000000000000e+00 3.581525678089819476e+00
0.000000000000000000e+00 3.591847077738493432e+00
0.000000000000000000e+00 3.602168477387167389e+00
0.000000000000000000e+00 3.612489877035841346e+00
0.000000000000000000e+00 3.622811276684514858e+00
0.000000000000000000e+00 3.633132676333188815e+00
0.000000000000000000e+00 3.643454075981862772e+00
0.000000000000000000e+00 3.653775475630536285e+00
0.000000000000000000e+00 3.664096875279210241e+00
0.000000000000000000e+00 3.674418274927884198e+00
0.000000000000000000e+00 3.684739674576558155e+00
0.000000000000000000e+00 3.695061074225231668e+00
0.000000000000000000e+00 3.705382473873905624e+00
0.000000000000000000e+00 3.715703873522579581e+00
0.000000000000000000e+00 3.726025273171253094e+00
0.000000000000000000e+00 3.736346672819927051e+00
0.000000000000000000e+00 3.746668072468601007e+00
1.000000000000000000e+00 3.756989472117274964e+00
0.000000000000000000e+00 3.767310871765948477e+00
0.000000000000000000e+00 3.777632271414622434e+00
0.000000000000000000e+00 3.787953671063296390e+00
0.000000000000000000e+00 3.798275070711969903e+00
0.000000000000000000e+00 3.808596470360643860e+00
0.000000000000000000e+00 3.818917870009317816e+00
0.000000000000000000e+00 3.829239269657991773e+00
0.000000000000000000e+00 3.839560669306665286e+00
0.000000000000000000e+00 3.849882068955339243e+00
0.000000000000000000e+00 3.860203468604013199e+00
0.000000000000000000e+00 3.870524868252687156e+00
0.000000000000000000e+00 3.880846267901360669e+00
0.000000000000000000e+00 3.891167667550034626e+00
0.000000000000000000e+00 3.901489067198708582e+00
0.000000000000000000e+00 3.911810466847382095e+00
0.000000000000000000e+00 3.922131866496056052e+00
0.000000000000000000e+00 3.932453266144730009e+00
1.000000000000000000e+00 3.942774665793403965e+00
0.000000000000000000e+00 3.953096065442077478e+00
0.000000000000000000e+00 3.963417465090751435e+00
0.000000000000000000e+00 3.973738864739425392e+00
0.000000000000000000e+00 3.984060264388098904e+00
0.000000000000000000e+00 3.994381664036772861e+00
1.000000000000000000e+00 4.004703063685446374e+00
0.000000000000000000e+00 4.015024463334120775e+00
0.000000000000000000e+00 4.025345862982794287e+00
0.000000000000000000e+00 4.035667262631468688e+00
0.000000000000000000e+00 4.045988662280142201e+00
0.000000000000000000e+00 4.056310061928815713e+00
0.000000000000000000e+00 4.066631461577490114e+00
0.000000000000000000e+00 4.076952861226163627e+00
1.000000000000000000e+00 4.087274260874837140e+00
0.000000000000000000e+00 4.097595660523511540e+00
0.000000000000000000e+00 4.107917060172185053e+00
0.000000000000000000e+00 4.118238459820858566e+00
1.000000000000000000e+00 4.128559859469532967e+00
