-9.059995330112397961e-07
-7.830696782357311553e-07
-9.387177467620558562e-07
-9.360753489723336456e-07
-9.580300152853525998e-07
9.273880006832501197e-07
-9.263805036871331768e-07
-9.490724589371373314e-07
-8.828740679220736076e-07
-8.671756465890348596e-07
-9.319379954677366742e-07
-9.460912222675349949e-07
-9.524705715320142589e-07
-7.559800550240883578e-07
9.631100301450343836e-07
-9.353138040306823495e-07
-9.358297869821929896e-07
-9.238991873849706215e-07
-9.110760348574811410e-07
-9.514014536262516780e-07
-1.058186663396690404e-06
-1.004018038094443264e-07
-9.428178595594771039e-07
-9.205958143509075195e-07
-9.513852056492754451e-07
9.428814095935380212e-07
-8.919209017019847967e-07
-1.035849505812921665e-06
-9.130283743536440856e-07
9.017641306051087926e-07
-9.360114543456731486e-07
9.354210897402021088e-07
-9.749726970651645118e-07
-9.003498792082841013e-07
-9.358996717113711782e-07
-9.547619176804965024e-07
-9.615308648604484326e-07
-9.237967185546535914e-07
-1.852765936719525651e-07
-9.711653718909913868e-07
-1.422201447374464238e-07
-9.064135049776926300e-07
-9.055198749297973217e-07
9.556390651884406334e-07
-1.423313606172469258e-07
-8.350010566841193601e-07
-8.936359687795937048e-07
-9.786458692856814377e-07
-9.120892267667020447e-07
9.335193609757798031e-07
-9.136363164007624664e-07
-9.267365085555296661e-07
-1.198237089086456219e-07
-9.206889389612888310e-07
-9.049553542496318920e-07
-9.893545273616755631e-07
-9.564114693774197306e-07
-9.789115835320286408e-07
8.720892051182095860e-07
9.975245630166893384e-07
-7.948794561957154526e-07
-8.697648900487182956e-07
-8.939129944549839033e-07
-9.518527763395648692e-07
-9.168146745689292961e-07
9.659914097217309519e-07
-2.508238221492160895e-07
-8.992833911944533624e-07
-9.195871126189943106e-07
-9.657191088801102073e-07
9.241147973659340803e-07
-9.318174043530520625e-07
-9.487057534345215781e-07
9.561024391030501326e-07
-6.822868823176825348e-08
-8.412012488875648131e-07
-1.022557032314676710e-06
-9.457485459271485240e-07
-2.275736800231650548e-07
9.756850407341240684e-07
-7.857984340974245575e-07
-9.065937853360656548e-07
-8.360243033086487306e-07
-9.310263995164152420e-07
-9.213519714018639073e-07
-9.322655572865953440e-07
-8.642548596503977130e-07
-9.414320818676114125e-07
9.507816471053883554e-07
-9.034023910079235639e-07
-9.510678377654167644e-07
9.739287817685329100e-07
-9.010023292647810295e-07
-8.101907722156563606e-07
-2.189045889914200378e-08
-9.442542938968100131e-07
-9.356147374896383829e-07
-9.143083661012080904e-07
9.887696710448611447e-07
-9.290257386661474727e-07
9.258092001702034485e-07
-9.127966895660998866e-07
-9.148469321278959442e-07
-9.800166521021487737e-07
1.015446636381460471e-06
-8.996143144768118649e-07
-9.244604094576749390e-07
-8.868167082688772341e-07
-9.215402372016562486e-07
-9.295976677058324161e-07
-9.273098861960501895e-07
-9.635821111677055201e-07
-9.322418533936403910e-07
-9.463329564794060966e-07
-1.554903533663605777e-07
-9.189527065417016860e-07
-8.784838773474569356e-07
-9.345967476384069024e-07
-9.045170160789960702e-07
-9.310291673391370519e-07
-9.534558838214381630e-07
9.400380716248124070e-07
-8.308528607465228037e-07
-9.226095658135596192e-07
-8.757706792232551088e-07
-8.945988124207095210e-07
-8.984327062958482808e-07
-9.583505580330059238e-07
-8.954767596636920485e-07
-8.724367052473638565e-07
-9.349531623222433877e-07
-9.304462415689502769e-07
-8.756591070176203340e-07
-8.995342867618122132e-07
-1.073009067527542815e-06
-9.455575981073612407e-07
-9.574518772405948052e-07
-9.707650324500305980e-07
-9.392266008931396786e-07
-9.102118502651490361e-07
-1.666449867778272815e-07
-8.338004141888588944e-07
-8.467350554658502067e-07
-9.024428167409462237e-07
-9.388097634213501481e-07
-9.394837260034641620e-07
-9.993867472904169022e-07
9.483616071315159033e-07
-1.009695995428758151e-06
-8.324949972269868635e-07
-2.967905351502004693e-07
-8.848730011976638093e-07
-1.494555634873548204e-07
-9.247404231214560609e-07
-5.233340965442879636e-08
-8.788157528302902025e-07
9.561711653084370512e-07
9.426380748842440878e-07
-9.499105465022826324e-07
-9.103791795604384657e-07
-9.345577921493900458e-07
-9.801737882359534663e-07
-8.777505657781721528e-07
-9.218188598109093433e-07
-9.798364439617860913e-07
-9.391496487406159984e-07
-9.173912312238740404e-07
-9.516386550953412426e-07
-9.004049069608598798e-07
-8.877688752497478333e-07
-2.421173349194283940e-07
-9.920913782021690373e-07
-6.333800756958265334e-08
-9.279994542843382430e-07
-9.255956533460821879e-07
-9.312600204464269236e-07
-9.582897407877614429e-07
-9.768065416351925705e-07
-9.437245234288828296e-07
-9.056075970537620142e-07
-9.249778344791060741e-07
-9.382971695860281937e-07
-8.687757218305777082e-07
-9.640630604352519572e-07
-9.345242525248825990e-07
-9.266923496371157823e-07
-9.457753406336543623e-07
-9.459738468709333796e-07
-9.131599126380803523e-07
-9.559223541724641819e-07
-9.803427873608833113e-07
9.036605908570504911e-07
-1.128690816929386387e-06
-9.031615932275890745e-07
-9.621499378789494194e-07
-1.399063738518865109e-07
-3.891893424521644000e-08
-8.911425550289430379e-07
9.518853513135857380e-07
9.533136506112667362e-07
-9.351780625765549964e-07
9.846766356784923658e-07
-9.523804371774176740e-07
-9.552158571971393011e-07
-9.220456704632572386e-07
-8.941572734570222004e-07
-9.042597811638098971e-07
-7.952371676264859622e-07
-7.638226043115042438e-07
-9.702925245575090777e-07
9.461134121759741474e-07
-9.634413466080428284e-07
-8.691506346950588725e-07
-9.139748205784683256e-07
-9.465890875502907084e-07
-1.916821756095136145e-07
-9.634960278325239669e-07
-9.238385825079411316e-07
-9.396088105330569503e-07
9.604012276439305943e-07
-8.428028667105035413e-07
-9.113297325591898990e-07
-9.130824213741168389e-07
9.221041024069958196e-07
-9.507666900940401852e-07
-9.612519169500722522e-07
-4.537460867169397903e-08
9.608194153889172878e-07
-9.680637649935780609e-07
-9.049538968789550364e-07
-8.845257140377584626e-07
-9.379442508283740338e-07
-8.961703721215596933e-07
-8.867422412220930324e-07
-9.242957362452246960e-07
-2.790480906418319703e-07
-9.436557410768494230e-07
2.204425580346584767e-06
-9.217086000304898673e-07
-9.304719944522456873e-07
-9.471101629790182769e-07
-8.986763412754650797e-07
-8.486888661524241882e-07
-9.157962944349400741e-07
-8.835343103273893930e-07
-8.078458835913128722e-07
-1.579257069179077671e-07
-8.945231924377387166e-07
9.412629267888377328e-07
-8.111344602504915880e-07
-9.821744586090134974e-07
-9.949572499110788390e-07
-9.411158603230108426e-07
-9.615999295031679466e-07
-9.327897206248194322e-07
-9.092721708800203001e-07
-7.798422157998309394e-07
-9.405519146303579980e-07
-9.409534023099248267e-07
-7.982701374348961838e-07
-8.900186555742641611e-07
-9.567494679755694159e-07
-9.346335893514299411e-07
-9.163381792600980070e-07
-9.171951802638140954e-07
-9.490921620622612542e-07
-9.508320624169319707e-07
-8.756091918649486673e-07
-8.897626670633962151e-07
-9.308453063388403566e-07
-7.868772809158203827e-08
-9.170475221220373111e-07
-9.165980048468348485e-07
-9.105933321317671649e-07
-9.499021974928050704e-07
-8.962869204788751441e-07
-9.316305137254749774e-07
-9.399507252571024306e-07
-8.946725460834294907e-07
-8.827729872296127306e-07
-9.249087080184597729e-07
-8.951090576441655322e-07
-8.827975070088089308e-07
-9.482299085957218173e-07
-9.848998154804474130e-07
-9.238912878686381172e-07
9.631684743291404181e-07
-9.260201209713287208e-07
-8.879505004869792732e-08
-9.348363503543252835e-07
-9.353847047599895845e-07
-2.300069758116829981e-07
-9.503831786313908573e-07
-8.301227598140876808e-07
-9.515701110429128290e-07
-9.370839152887018476e-07
-9.563196042280090098e-07
-2.554717632852312380e-07
-9.692936529175630834e-07
-9.330601029310667861e-07
-8.324362589821057839e-07
-1.958650112407692484e-07
-9.386648272673609760e-07
-9.393658967769046697e-07
-9.077633247654695618e-07
-9.614161912006836938e-07
-9.360684444335542482e-07
-9.629355274441340420e-07
-8.514894715045335307e-07
-9.278230562274271029e-07
-9.219138139402548945e-07
-9.717201037861936660e-07
-8.841156550918375022e-07
-9.192741446340914547e-07
-9.055654391631230348e-07
-9.386860084890455576e-07
9.419142068750721788e-07
-1.998123660574198807e-07
-9.336438812173341331e-07
9.388023468888431841e-07
-8.745903331579919093e-07
-9.366411181089508111e-07
-9.658226600789872679e-07
-1.687193129727543787e-07
-9.415028001201918568e-07
-9.553059265371276141e-07
9.375250281572013425e-07
-9.479542570582185319e-07
-9.926916729416987332e-07
-7.889492824659424712e-07
-9.821828914459410119e-07
-9.271615085450818113e-08
-1.197124143892949924e-07
-8.937107335592196078e-07
-1.103609425529640913e-06
-9.521550567279663561e-07
-8.835357573181178312e-07
-9.216170962914388023e-07
-9.552515039838388599e-07
-9.290182035042452611e-07
-9.779367485676940707e-07
-9.273407837164783023e-07
-9.506572171323040915e-07
-8.096758273301435168e-07
-9.344861096707463518e-07
-8.035641550284377693e-07
9.312701372507106030e-07
-9.024657814709693793e-07
-9.150214827934101763e-07
-2.057640801606979669e-07
-9.360518012063965076e-07
-9.479530019586443035e-07
-9.028326611858124097e-07
-9.205682334656508435e-07
-9.420444183672723435e-07
-9.029552747500184945e-07
-9.308193947598879660e-07
-9.088856156361752219e-07
-9.591756093590780154e-07
-1.635465712154483963e-07
-9.179257969371502760e-07
-9.667267953115498310e-07
-9.387488282527197928e-07
-8.371626594442547757e-07
-9.032629718695709394e-07
-1.486920504265328787e-07
-9.382935582280462658e-07
-9.753158683648511512e-07
-9.673998578916748173e-07
-8.448452366014248666e-07
8.948601893553884536e-07
-9.295547056502500179e-07
-8.722701536245916536e-07
-9.100357929981309164e-07
-2.332308057896034648e-07
-1.423529912091470970e-07
-9.016853414427806068e-07
-9.727264238833582169e-07
-2.471009573315565548e-08
-9.260312972445096468e-07
-8.746833916361420327e-07
-8.245315445764158481e-07
-9.551538286224095398e-07
-9.070004283068095473e-07
-9.184602105164531942e-07
9.392493352235741011e-07
-2.427431429308672168e-07
-9.372309543417335915e-07
-8.991239974986856852e-07
-9.573802630322914520e-07
-8.804408401906546137e-07
-9.097233733402666105e-07
-8.772872222725746439e-07
-9.348973676464752570e-07
-9.141220220586816072e-07
-9.585967685383601087e-07
-9.097086855538299570e-07
-9.893593800694222254e-07
-9.211052087171164120e-07
-8.446746960878748447e-07
-1.591335804122459451e-07
-9.462139596339021616e-07
-8.085867797302973863e-07
-8.973374184142520155e-07
-1.534477689605941689e-07
-9.225450799409794911e-07
-9.128941242282921561e-07
-8.877765714820037031e-07
-9.325567778416002788e-07
-9.855924453722671173e-07
-8.887968390682698359e-07
-9.191002635578894817e-07
-9.382636387970989790e-07
-7.691410958416972407e-07
-9.192991884014649757e-07
-9.270213185295861897e-07
9.583133949678978648e-07
-9.304404090371188501e-07
-7.542034619868501068e-07
-9.070776339931491317e-07
-9.002720367781378032e-07
-9.503575895494101703e-07
-8.900044618679368052e-07
1.012545666174496939e-06
1.001247999834062533e-06
-9.240225637915372194e-07
-1.280505278050771730e-07
-9.016631902182978272e-07
9.987074600506360780e-07
-9.727334178869828424e-08
8.816285608717929956e-07
-1.023189260196273847e-06
-9.435042800725542077e-07
-9.355209699143383142e-07
-8.675908101947017217e-07
-9.508348667060427457e-07
-9.285771601423367288e-07
-9.366137432934520691e-07
-8.809722069977411670e-07
-9.451654413436300088e-07
-9.174359876398240082e-07
-9.146263991128830669e-07
-8.918264969488708258e-07
-9.215975849201831539e-07
-9.427852440437246278e-07
-9.141532102696287594e-07
-2.015899929435216645e-07
-9.112655277508171581e-07
-8.768911751998148471e-07
-9.477177552334549604e-07
-9.039477502555914858e-07
-8.729126415783425000e-07
-9.810355751883974827e-07
-9.380118785907044220e-07
-8.857987611695559945e-07
-9.396222599149931877e-07
-8.443118407269040601e-07
-9.637896687713329674e-07
-9.080617323197010741e-07
-8.924366799587725671e-07
9.290136234876892701e-07
-9.559414144966612789e-07
-9.508676991314623803e-07
-8.460077280900933958e-07
9.299536171770442631e-07
-8.501375320155081230e-07
-8.720110894726235967e-07
-9.316095569631100706e-07
-9.175813676913359804e-07
-2.029928925493442787e-07
-9.372956826762100282e-07
-9.333246959240380161e-07
-9.274005198572926168e-07
-9.042716663888079141e-07
1.007906182309995739e-06
-9.306452422068847641e-07
-9.220142305820841919e-07
-8.797544252375821379e-07
-9.026480925785300809e-07
-2.396861647677961441e-07
9.801837758070551778e-07
-1.821628442097522821e-07
-8.875721144576026065e-07
-8.848975593872946206e-07
-9.534859464878218468e-07
-9.858719048162918959e-07
-9.178277724412284338e-07
-9.022693046823130526e-07
-9.025992800169851062e-07
9.511674088329951041e-07
-9.734300846882705335e-07
-9.095155958582251803e-07
-8.672786577634470146e-07
-9.009214764186620258e-07
-9.182054318857102292e-07
-9.116996159486296499e-07
-9.672894749107192096e-07
9.272094020371481159e-07
-1.426674761476358268e-09
-8.589055104911738897e-07
-9.225530006455251218e-07
8.988647300254957404e-07
-8.336297203000536636e-07
1.005684705082013393e-06
-8.953546410124783115e-07
-9.525159694791319134e-07
-9.444603084905977048e-07
-9.374164645533510837e-07
-9.652682499736815400e-07
-9.315632091139763883e-07
-9.035093268306060788e-07
9.737229003628800828e-07
-7.628099451132133633e-08
-9.080129517958792514e-07
-9.588570654139403877e-07
-9.530103306920797189e-07
-9.847299793701011803e-07
-9.584680247787939195e-07
-9.914542463450549622e-07
-9.039983964606216518e-07
9.518529166341415192e-07
-9.531733494324154317e-07
-9.178967842853278271e-07
-2.498427358617444678e-07
9.307578408577792584e-07
-9.674826195925389364e-07
-9.775271237601769035e-07
-9.520405634846926056e-07
-9.467866460463511576e-07
-9.148870493974986367e-07
-9.545757015144409985e-07
-9.169775203785206538e-07
-9.645555092275451480e-07
-8.836247781717988106e-07
-8.815790404678753196e-07
-9.448330907798829377e-07
-9.292988900576729250e-07
-9.349921219307797840e-07
-9.290362117977337035e-07
9.519058209196612409e-07
-9.592476442718477006e-07
-9.637133106379530101e-07
-9.870256570321451518e-07
-9.501400225481936192e-07
-9.240013661992745006e-07
-9.330837428320055337e-07
-9.221310452518325218e-07
-9.137835358831608406e-07
-9.660705840064473718e-07
-9.740112387531145848e-07
-9.813541721737931904e-07
-9.115752114473501340e-07
-8.710551672135576628e-07
9.546912469377261954e-07
-9.907512460894234597e-07
-9.785175571499905648e-07
-8.844365897787148814e-07
-9.278127096365921390e-07
-8.903002880071146108e-07
-2.997114584029167613e-07
-9.007532516388168465e-07
-9.150922866771309539e-07
9.291962254853144093e-07
-9.028320462088954265e-07
-9.083012828105190962e-07
9.288640717206936600e-07
-9.698332478471155551e-07
-9.305885721010261275e-07
-9.174964110884118243e-07
-9.948259222254733931e-07
-9.407632249427182988e-07
-9.238013332405949624e-07
-9.364481008018929081e-07
-8.951481085890038790e-07
-9.254021577951853765e-07
-9.863176844814316862e-07
9.256854359546301496e-07
-9.362511264993784294e-07
9.480561466412282167e-07
-9.998026085378230174e-07
-9.374309734850104632e-07
-1.391596774748879925e-07
-8.215426926496969892e-07
-9.824845437051890838e-07
-9.200684973053231439e-07
-8.999871402363815929e-07
-9.322786723956414475e-07
-9.243611159802782921e-07
-8.689940685804797662e-07
-9.222978520076525029e-07
-8.370168794066794914e-07
-9.556171537433189236e-07
-9.230372064919838026e-07
9.498923394742107128e-07
-9.553039197677857223e-07
-9.538232574205282040e-07
-9.107329242416318403e-07
-9.119823877979096628e-07
9.429721427999678466e-07
-1.445319761961408608e-07
-8.861987032555167410e-07
8.969938394456488523e-07
-9.604177373940221676e-07
-9.672456825774468602e-07
-9.400462813264424340e-07
-9.271731712525497273e-07
-9.554021086622914772e-07
9.382333055885945949e-07
-9.556687401467966489e-07
-9.581113143237736290e-07
-7.891503279840982478e-07
-9.225118764207610184e-07
9.544685478972557208e-07
-9.374775259040518399e-07
-8.932699504413461283e-07
-9.224537489217675064e-07
-9.433848425236205306e-07
-9.143432480201667395e-07
-9.321741303642065002e-07
-9.105310514945906795e-07
-9.246698106853836773e-07
-9.215639227788101486e-07
9.637334788929555580e-07
-9.047683855685858868e-07
-8.834240025201550091e-07
-9.425148951041112638e-07
-9.386655287612551955e-07
-9.888014909893982930e-07
-9.363058778956222218e-07
-9.516738634320037256e-07
-9.357162911389692110e-07
-9.525043021595558353e-07
-9.657816147035812883e-07
-8.934689967375047880e-07
9.558084472045051582e-07
9.248434931497263415e-07
-9.266917656055739686e-07
-9.238696677481783095e-07
9.485071996119336241e-07
-9.186318136147828393e-07
9.509076578120102595e-07
-9.220677169739055892e-07
9.816414013014420794e-07
-1.916286490817450840e-07
-9.406993552405068947e-07
-8.819785138648685688e-07
-9.458803364252166257e-07
-9.863824839603863667e-07
9.898243142515740105e-07
-9.452926249791619398e-07
-9.498552526869224306e-07
9.269041523076161035e-07
-9.213186350014880439e-07
-8.869211253136587438e-07
-9.141643274756879337e-07
-7.869430278193699627e-08
-9.407658293894763205e-07
-7.805646425431772948e-07
-9.625215841062289903e-07
-8.980282678523081248e-07
9.113233571260135004e-07
-8.238979247356838480e-07
-8.990034372668865990e-07
-8.883762718623238414e-07
-9.276610439568781467e-07
-9.520318795561572497e-07
-9.300946441819410331e-07
-9.453809193363211128e-07
-8.904709173308091909e-07
-9.746237415189927498e-07
-9.317739249927249221e-07
-9.516820871939521842e-07
-9.007277984503744581e-07
-9.101385130196934382e-07
-9.711481138792255410e-07
-1.709979957430582918e-07
-8.870632768247857615e-07
-9.304927297326613863e-07
-8.806690441109720465e-07
-9.459661272352589269e-07
-9.216347093863082324e-07
-9.681063477024176770e-07
-1.046366269851119759e-07
-9.800110879333473230e-07
-9.273010407375967794e-07
-9.316630078761586730e-07
-9.525207721599165944e-07
-9.211816807405812348e-07
-8.399851834288403298e-07
-8.995500402253203637e-07
-1.016383160799491133e-06
-9.129422973997583529e-07
-9.342215147190642649e-07
-9.739595647581992825e-07
-9.528169812534295962e-07
-9.550578616913405625e-07
-9.695087952655368090e-07
-1.519993301550136892e-07
9.395150862726366653e-07
-9.006180899518172526e-07
-9.370578577764895120e-07
-9.602092497566618596e-07
-8.922256212297038870e-07
-8.794725584410066332e-07
-8.977409965718606926e-07
-8.658788283720046998e-07
-9.468681214899758113e-07
-5.558512578020494078e-08
-9.378240745840603699e-07
9.727626333779758586e-07
-9.284553765953246120e-07
-9.415910406487999375e-07
8.829477627034721750e-07
-1.580067245723531836e-07
-9.855412854083523326e-07
-8.424800702031003953e-07
-8.801055839867722895e-07
-9.193581016718688516e-07
-9.217669804711013865e-07
-9.111761846121376465e-07
-9.557795416743454042e-07
9.896752419637186182e-07
-9.520956339701672880e-07
-8.838207722827794913e-07
-9.414995105368635930e-07
-9.303915223913825555e-07
-9.466418958060712845e-07
-9.093310001965503210e-07
-8.204823013414505032e-07
-9.167443733132212130e-07
-2.114929037643081019e-07
-9.143583720471476144e-07
-8.426353728402335762e-07
-9.319882006617141075e-07
-9.423175783536594287e-07
-9.778720937443376963e-07
-9.556719432988556581e-07
9.860403448535800728e-07
-9.475945093426764184e-07
9.656497573360898487e-07
-9.143243090342646644e-07
9.591943071390026145e-07
-9.347436939099152111e-07
-9.321990915468666334e-07
-9.801278468703567910e-07
-8.527831396609047049e-07
-9.337545614342894438e-07
-9.812612534600303492e-07
-9.062196876368113876e-07
-9.222501844904079050e-07
-9.375420908728360333e-07
-9.139894290069756741e-07
-9.072416254979547694e-07
9.444336277516696587e-07
-9.309172692439511204e-07
-9.102249095121954502e-07
-9.809166357820357625e-07
-9.047075634730706607e-07
9.431449806348784308e-07
9.488411543310679316e-07
-9.235298207079303321e-07
-8.424181927498054249e-07
-9.095742613504319924e-07
-9.207648093099792992e-07
-9.020942143253185542e-07
-9.368028495065861951e-07
-9.498047962601350695e-07
-8.930819520519150074e-07
-8.451069158850637284e-07
-8.768605265391989202e-07
-9.180366960665936899e-07
-9.206098536861462179e-07
-9.058940779690686766e-07
-9.621145162724276078e-07
-9.327880725289429829e-07
-9.468678457514672217e-07
-9.442087036868737499e-07
-8.967769668367267992e-07
-7.929727479031185969e-07
9.780880688427422208e-07
9.476679685252390979e-07
-9.063671730434293359e-07
-8.461266209637181297e-07
-9.334964463379732000e-07
-1.033995195844103280e-06
-9.530029441270038116e-07
9.718389246836575634e-07
-9.600934944732593687e-07
-9.525963886195108120e-07
-9.550182719963500983e-07
-9.306694082197761761e-07
-9.287227022739641000e-07
-9.561262598976669965e-07
-9.529816673827098272e-07
-9.327437850407612290e-07
-8.396581509296898122e-07
-9.442916578034970644e-07
-9.074709013788622715e-07
-9.745432201102485618e-07
-9.345459724299069274e-07
-9.644995114136666059e-07
-8.549236784706027004e-07
-9.110707868814626765e-07
-9.043655418175576986e-07
-9.373591272752287253e-07
-1.701916689515412814e-07
-9.450698177282089977e-07
-9.396475837428785935e-07
-9.227253789835727727e-07
-9.296601224552781383e-07
-9.248418704704748906e-07
-9.555322095984046897e-07
9.515928991496214821e-07
-9.056314384368805018e-07
9.346561289926178099e-07
-9.148901561063136384e-07
-9.173354982312761076e-07
-9.328432136739489005e-07
-9.366515348617907152e-07
-9.758600277335267173e-07
-9.108915657959890860e-07
-9.929068446305900904e-07
-8.956713531217694668e-07
-9.368752906426290969e-07
9.133644806376812563e-07
-8.904823157080247793e-07
-8.240231849118785062e-07
-8.985442768689998445e-07
-8.541856076337227346e-07
-9.469549895384319361e-07
-9.005388553943517708e-07
-9.511823693049128975e-07
-9.439783283777097088e-07
-9.291458352031782805e-07
-9.450292668707567752e-07
-9.199394823872161797e-07
-9.660070839546998468e-07
-9.476802393463501242e-07
-9.065065788231570572e-07
-9.404270895170768076e-07
-9.231649666691019016e-07
-9.296780894331199218e-07
-9.369023381057449590e-07
-9.242296513477905266e-07
-9.139963475610695839e-07
-9.588426725439042406e-07
-9.001447474741843699e-07
-9.328451697129074412e-07
-9.564226393667944108e-07
-8.633268489972416838e-07
-9.431766708353581827e-07
9.648449043533070814e-07
-7.832856824314084134e-07
-9.529786898205393547e-07
-9.111366464984117631e-07
-1.009438982092420802e-06
-9.329813121448078810e-07
-9.538636262373704657e-07
-1.373350361214741366e-07
-9.436380677005669487e-07
-9.350520643698996269e-07
-1.028400107690201662e-06
-9.862657283632017634e-07
-9.603321214164427840e-07
-8.946183534778117695e-07
9.514995885105532428e-07
-9.340845210877963933e-07
-9.223226064180911150e-07
9.817050060114084852e-07
-8.965894966753679910e-07
-9.338503294153438663e-07
-9.374106322901625089e-07
-9.568051581355760550e-07
-9.027606513847520614e-07
-9.015958472388853633e-07
-9.311431838333039369e-07
-9.943833086957636328e-07
9.832571019705579825e-07
-9.211334936104209724e-07
-9.238611324611664453e-07
9.310263158863318013e-07
-9.651962371087525672e-07
-9.475952755663147416e-07
-9.760278976216006673e-08
-9.361372242945567187e-07
-9.188028384350991396e-07
-9.159437615683305394e-07
-9.327447290983785639e-07
-9.184604740771683600e-07
-8.438060235104923672e-07
-9.170821891793197899e-07
-9.397102964383767703e-07
-9.315027994546362378e-07
-9.644979625832601705e-07
-9.086495009974120663e-07
-9.247140650333005729e-07
-8.668965339176616616e-07
-9.409040161479723390e-07
-9.069247380875032736e-07
-2.328205192385787605e-07
-9.060777342199895013e-07
-8.772263933915250641e-07
-9.292262325812020395e-07
-9.440017224643357149e-07
9.433916013527990328e-07
-9.117899660390614767e-07
-1.777713323315159875e-07
-9.209090070270650354e-07
9.191744478919957616e-07
-9.145102458636713113e-07
-9.361406668947918917e-07
-9.093343056061586441e-07
-8.421294152440444127e-07
-9.227368528102314090e-07
-1.559930237972753368e-07
-9.359081716905524017e-07
-9.756164162308972303e-07
-8.726951797948211030e-07
-9.415794187305613620e-07
-9.046380670902166408e-07
-9.147577308475727102e-07
9.930845861837566597e-07
-9.160293679115958211e-07
9.774152568757384934e-07
-8.484306255232228644e-07
-9.339823648734569361e-07
-8.831215208623326825e-07
-9.731914637952609248e-07
-8.848001243179759649e-07
-9.242041965151794723e-07
-1.087324121390486204e-07
-9.700928838795297393e-07
-8.908476604839982209e-07
-8.901786587593318409e-07
-9.030673686200540387e-07
-8.995599084546198147e-07
-9.226656705007009271e-07
-8.724309850543419916e-07
-9.376604622616494056e-07
-9.285107963291055161e-07
-7.471285543390986716e-07
-2.517981380274414192e-07
-9.362264096442791040e-07
-1.641963548207441783e-07
8.568678084810436810e-07
1.037525467864460618e-06
-1.159161973572738554e-07
9.871088991951526117e-07
-9.524628101629384036e-07
-8.968463664688792042e-07
-9.162905079935331130e-07
-9.153208456422691524e-07
9.699825060734759713e-07
-9.475877866895138226e-07
-8.595251477680793579e-07
-9.074275772455205120e-07
-8.898595035248242603e-07
9.285013027514230917e-07
-9.262097742744297885e-07
-8.920426137784031499e-07
-9.535137940264492570e-07
-7.688585893441877957e-07
-9.190592981437910096e-07
-9.769087266325667610e-07
-9.346894002655616716e-07
-9.086499166877481766e-07
-9.583304418839263052e-07
-9.195271730726617069e-07
-8.501027857437486744e-07
-1.494436070364672054e-07
-9.605861364189944427e-07
1.003276450370210686e-06
-9.555991487412737769e-07
-9.363292215790057300e-07
-9.357010235364132596e-07
-9.229282117225894494e-07
-9.367026575369124469e-07
-9.227731623047560281e-07
-9.412840023401403544e-07
-9.584125480458547594e-07
-7.543420800589835545e-07
-9.299417955788503262e-07
9.489039246793588316e-07
-9.427257795287873293e-07
-9.156914661907127900e-07
-9.580882022585963672e-07
9.377153583803699433e-07
-9.388226612232462830e-07
-8.948585455185236826e-07
-9.358474488934725472e-07
-9.201809536434074322e-07
-9.269347212253935899e-07
8.932024858492258021e-07
-9.432344407896873564e-07
9.529531504240491630e-07
-9.129782154610180601e-07
-9.097821057877016217e-07
-9.469755975844871339e-07
-9.157062435399657845e-07
-8.913750047874161355e-07
-9.519935967933019530e-07
-9.552271188901281694e-07
-9.564784437634158821e-07
-9.367655890756364193e-07
-9.669763988559157326e-07
-9.612111823087844998e-07
-9.330185882663502376e-07
-9.316100505390745695e-07
-8.996864243582212744e-07
-9.696964651188848817e-07
-1.077311692460014276e-07
9.746587710075769305e-07
-8.951517241874330641e-07
-9.318374888429849286e-07
-9.261384455133147020e-07
-8.991249704140111193e-07
-9.554242086396372805e-07
-8.736452164147828244e-07
-9.299410278433716945e-07
-9.392199562397520550e-07
-1.511801499294174023e-07
-8.984260004346805011e-07
-1.712468575464630765e-07
9.603662590944753532e-07
-9.096990983070509887e-07
-9.007602953030033641e-07
-9.241708743105972313e-07
-4.845260429135695034e-11
-9.454747151918925210e-07
-9.707024870085365027e-07
-9.129680447419016535e-07
-9.518025993179602246e-07
-9.033743880148285339e-07
-9.429070364451628362e-07
9.818102538462633049e-07
-9.303230561267079794e-07
-1.007974656809231026e-06
-9.184068486509175337e-07
-9.408848437288711467e-07
-8.986267138194965232e-07
-9.345980482671060472e-07
1.018388504460722265e-06
-9.353104890275037976e-07
-9.097043341608062387e-07
-8.527823094939849580e-07
-9.337612759843560307e-07
1.024284703159688975e-06
-9.504679905869249860e-07
9.394628412893329605e-07
-9.186211657889953023e-07
-9.407923690434626499e-07
-1.028031281909088714e-06
-9.310339711034354795e-07
-9.407821480749905737e-07
-8.851109256061930350e-07
-9.079467993481166275e-07
-8.923712112033306710e-07
-9.008044678606407672e-07
9.751560555790087881e-07
-1.069529759342241699e-07
-9.286388013881756395e-07
-9.531838277167560259e-07
-9.692592405250582881e-07
-9.248748114116616430e-07
-7.781672771411129442e-07
-9.201816911891399869e-07
9.836851293505278050e-07
-2.004173770582613133e-07
-8.537899033754296618e-07
-9.594718441196497767e-07
-9.404845433005030206e-07
-9.420018069258610406e-07
-9.177382488396587397e-07
-8.991120071301754480e-07
1.005248253455143778e-06
8.840605818085053159e-07
-9.117495506103490227e-07
-9.578778276721050833e-07
-9.058491568433691963e-07
-9.311473022710091744e-07
9.850642082286307880e-07
-9.385451179313464665e-07
-8.724007640399485309e-07
-9.444023262384338254e-07
-9.217147014033126922e-07
-9.093336128819041063e-07
-1.877782536806473739e-07
-9.397942857744593821e-07
9.969318233613981109e-07
9.991689449997314946e-07
-8.771365076971261279e-07
-9.100576658885392933e-07
-9.232495085948678779e-07
9.402422226443008731e-07
-9.141928812801061501e-07
-8.991883653689475856e-07
-1.902357017106512303e-07
9.580666432681632203e-07
-9.002157241272711973e-07
-9.276094844081522624e-07
1.021424541724344730e-06
-8.190876884044755322e-07
-8.740517076925581389e-07
-2.646320725311876557e-07
-9.427304005955796167e-07
-8.962573475304748886e-07
-9.415486143752671066e-07
-9.105305102270068797e-07
-8.116557581786365167e-07
9.102358529777145846e-07
-9.455752125072808024e-07
-9.013952904485651692e-07
-9.252750183031230927e-07
-9.474041574820458860e-07
9.213738080313364544e-07
-9.285671828987048731e-07
-9.153682442619521980e-07
-9.155342901884583100e-07
-9.514490343586539756e-07
-9.544939310584993097e-07
-9.407379597181899183e-07
-9.159023082544468944e-07
-9.097264151419323870e-07
-9.549352492336458039e-07
-9.235383763989357977e-07
-7.834244575221459210e-07
-9.269798438714278329e-07
-9.494018185253553459e-07
-9.343651574863967351e-07
-9.023528486074601451e-07
-9.344984985984225977e-07
-9.265945736984913794e-07
-9.591442941755954457e-07
-9.176676597551688518e-07
-9.958247969389309526e-07
9.274772396257065543e-07
-9.662139109447966595e-07
1.001466715880995503e-06
-9.692602511391074755e-07
-9.700711810718997561e-07
-1.021146088675000085e-06
-8.969452217960446046e-07
9.850415750431430216e-07
-9.523812039562780474e-07
-9.403184862462863231e-07
-8.852744105392837968e-07
-9.245779526195121357e-07
-9.477514732261401112e-07
-1.162252550506670976e-07
-5.467837712001726236e-08
-9.486038404296787084e-07
-9.599783258923642012e-07
-8.552815244317826572e-07
-9.666268875952547373e-07
-9.198661290368267999e-07
-9.442596230030596635e-07
-9.724202767918145156e-07
-9.239366128965152279e-07
-8.184175558403180047e-07
-7.819237993889220795e-07
9.262121433080381674e-07
-9.408476653324485313e-07
-9.319596415750137789e-07
9.573411715659927963e-07
-9.409751831946974538e-07
-9.444900414272234063e-07
-9.638182111895061316e-07
-8.813083404289292345e-07
-8.955855100227166884e-07
-9.014804633022218138e-07
-1.005861733313225553e-06
-9.193401982002488084e-07
-9.213835560623653860e-07
-1.201137396766570268e-09
-9.331596489078803727e-07
-9.353812328053449215e-07
-8.999582801737755069e-07
-9.501837326783921690e-07
-9.270389460666538793e-07
-9.502072922580223362e-07
9.483914529723618583e-09
9.571237689711172856e-07
-8.544023262409973853e-07
-9.499634239400762279e-07
-9.985111121644591985e-07
-9.123596129683624435e-07
-6.667779732257096617e-08
-9.287682491857400570e-07
-9.119071987070137072e-07
-9.260124783041287223e-07
-7.801062463104164555e-08
9.412896269549452094e-07
-9.930400909434733782e-07
-9.210537594315202296e-07
9.416724965534832924e-07
-9.513474469878901377e-07
-9.369868188540209950e-07
-9.136198984529824189e-07
8.861226628083677110e-07
-9.589532413380624413e-07
-9.623821270177090820e-07
-9.259599936498999409e-07
-8.923351235670874455e-07
-9.493651960136498574e-07
-9.118890471820737344e-07
-9.216286992676494083e-07
-9.035077401039772411e-07
-9.506372094081411661e-07
1.006084412451004370e-06
-9.338516546913830518e-07
-9.203360560956245483e-07
-9.956311865053314818e-07
-9.386368408625315505e-07
-9.141883984524821627e-07
-9.736946103372768989e-07
-9.510218130753832993e-07
-9.445931699646763186e-07
-9.425153560481740332e-07
-8.777026181891198505e-07
-9.150458031926364153e-07
9.541215275216962249e-07
-9.946474248712812263e-07
-2.151317036474990684e-07
-8.873244207907800334e-07
-9.425457368194297020e-07
-9.662522281764355820e-07
9.572096135950094695e-07
-9.217040132537876412e-07
-9.526150852869432912e-07
-9.346598053496601905e-07
-2.389277374417105620e-07
-9.448674773803530737e-07
-9.756656295353756187e-07
-9.534941121392434127e-07
-8.785027537515353483e-07
-8.475055763837714008e-07
-9.306499230228643548e-07
-9.431117103120368148e-07
9.752566961637613711e-07
-9.448925674842401402e-07
-9.556565806463200771e-07
-9.530545056777807934e-08
-9.255992642245748580e-07
-8.710867556672581796e-07
-9.500212367337504067e-07
9.333554742635099194e-07
-8.970940058401451045e-07
-8.159555491055095038e-08
-9.233433377200036178e-07
-9.355086754243497441e-07
-9.541695802930787851e-07
-9.341969771299698273e-07
-8.932631421583724056e-07
-9.343513779227937092e-07
-9.171438108035631858e-07
9.599999038798572598e-07
-9.294166393563743467e-07
-7.054309591757200776e-07
9.358948439538842908e-07
-1.281724894145596106e-06
9.565601204114770078e-07
-9.398432988935117919e-07
-8.090426101162445669e-07
-8.069118162975816668e-07
-9.579371784099192066e-07
-9.608143549671502168e-07
9.482838946022233879e-07
-1.524108014207009561e-07
-8.189733120124836552e-07
-9.153937037034914409e-07
-9.536676541931677189e-07
-9.269320864200562373e-07
-7.725104622862939154e-07
9.604287724539164038e-07
-9.060810443091389146e-07
-9.297198285240026403e-07
-9.649276094006541619e-07
-9.613412216996834529e-07
-9.657005360709764480e-07
-9.522053859683780560e-07
-6.117066120039393996e-08
-9.866879880369832156e-07
-8.730250396641147329e-07
-8.868730125093436426e-07
-9.154261995057219888e-07
-9.370479805979744180e-07
1.008601968342671319e-06
-9.226265717666535432e-07
-9.344100861040621881e-07
-8.816926685321209661e-07
-9.410697787112200394e-07
-1.010612425663089555e-06
-9.456195106087987261e-07
-9.219197129225003538e-07
-8.572307192844680427e-07
-8.912005376012256556e-07
-9.488195321878503531e-07
-9.795400590729626215e-07
-9.379339590115666550e-07
-9.327379282618171702e-07
-9.297393576761401420e-07
-9.596823608545942640e-07
-9.440147312810217653e-07
-8.779996485419907544e-07
-8.805258348419402538e-07
-9.090306209702374961e-07
-9.220133048476792366e-07
-7.926277450749506601e-07
-8.526125658783010062e-07
-9.252280246889036082e-07
-1.855903125101995786e-07
-9.857077256419769740e-07
-9.664638662382519266e-07
-9.420270647700401563e-07
-9.671404232459006683e-07
-8.880809386893220928e-07
-9.282701280192940617e-07
9.826302559857414516e-07
-9.611045034201216975e-07
-9.367628077109930470e-07
-9.010998203769154980e-07
-9.185595452935217763e-07
1.035830085701520597e-06
-1.781622714328231236e-07
-9.382237051228018701e-07
-9.476626398777157044e-07
-8.991032418098924600e-07
9.905219968226278560e-07
-9.259373144019373985e-07
-9.409411406688177575e-07
-8.268280643439676038e-07
9.487149745594002721e-07
-5.163165493662516818e-08
9.398904679579886856e-07
-9.271255992415682786e-07
-8.924124707093115791e-07
-9.125260561478340560e-07
-9.683439114234474935e-07
9.304226063187900277e-07
-9.261954760005462527e-07
-9.541412463078560433e-07
-9.368394612402364045e-07
9.442989392244089596e-07
-9.644686137149868680e-07
9.122692398991740137e-07
-9.612446455487410422e-07
-8.950053712208478619e-07
-9.304112208633614758e-07
9.579958898743982445e-07
9.153886401580036563e-07
-8.992797988959810737e-07
9.151987684870534941e-07
-8.933579954727673961e-07
-9.842886003635117978e-07
-9.466553006156471887e-07
1.010532593535553806e-06
9.656674923377522158e-07
-9.148634248413480929e-07
-2.836203938657700480e-12
1.056046046123358160e-06
-9.588545519801689818e-07
9.152236357229254842e-07
-8.798824152049685137e-07
-9.189501901628757083e-07
-9.323547135393762914e-07
-9.087470506798492640e-07
-9.196508619283787153e-07
-2.638422499638579194e-07
-9.546390105288314541e-07
-9.289186407994639731e-07
-9.495471757700723794e-07
-8.670209579678567128e-07
-8.656679677832119585e-07
-9.396559098408618036e-07
8.980791408913201272e-07
9.510507960535966567e-07
-9.001664817075496361e-07
-9.047062667811069571e-07
-9.849864245968577223e-07
-9.119704361616849573e-07
-1.039583295998187072e-06
-9.898052471423037693e-07
-9.387884999639329293e-07
-9.320140231271852538e-07
-9.283863230628800397e-07
-9.408179054989104532e-07
-9.419129695212608648e-07
-9.493186296701280876e-07
-8.206154112063422305e-07
-9.390532386342807448e-07
-9.084595301028734343e-07
-9.063482501859748890e-07
-9.450229937918962166e-07
-9.428432752950594397e-07
-9.654901020128666401e-07
-9.349549534544500224e-07
-9.313501817081869954e-07
-9.386218637520682768e-07
-9.263961945793445904e-07
-9.168287876634664868e-07
-8.890875823859269971e-07
-8.864696399235591814e-07
-9.572059032989376676e-07
-9.085179380254177875e-07
-9.089865491979735338e-07
-9.162796571086502095e-07
-9.463969936454906179e-07
-9.001971827259747031e-07
-9.670200926244007686e-07
-9.598664395792964518e-07
9.443255804467120938e-07
1.000147089803406933e-06
-8.917284867730375970e-07
9.329545092475774049e-07
-2.560918107337521507e-07
-1.093637240771069112e-06
-9.329060724052119848e-07
-9.213181054421013315e-07
-9.546216193200635795e-07
-2.066443478588967509e-07
-9.671104848601161564e-07
-9.519739263075526021e-07
-9.682742252567783566e-07
-9.697373629298791351e-07
-9.151849617174277112e-07
-8.999229981867739912e-07
-9.658650347145920844e-07
-9.003610373727565419e-07
-9.102216478841815353e-07
-9.150795965126037223e-07
-9.273761890636671548e-07
-9.240848875233184413e-07
-8.708237235289739457e-07
-9.112497232775811786e-07
-9.490671305708454993e-07
-9.302635834800465465e-07
-1.355782014478207467e-07
-9.652205386375789075e-07
-9.818588268484419949e-07
-9.431605711228521132e-07
-9.332027972137614698e-07
-9.152014444534257230e-07
-9.225901967683813599e-07
-1.983332904178285677e-07
-9.599220678970040954e-07
-9.262234098281999336e-07
-9.128768748193768404e-07
-9.955840908489687736e-07
-9.191801180508833939e-07
-1.069404887270433718e-07
-9.089896901289532248e-07
-9.353400409704987420e-07
9.369072125976317072e-07
-9.325772733181712088e-07
-9.112253727019756778e-07
-9.194399909943667546e-07
-9.541208806315077820e-07
-8.623629597395328073e-07
-9.453781904438159998e-07
-8.702115006205231518e-07
-2.169031930483278672e-07
-9.557237025996436539e-07
-9.368268826011861579e-07
-9.060936225495406220e-07
-9.835241191487295833e-07
-9.498944551463955680e-07
-8.902369051896763053e-07
-9.363310406242797808e-07
8.990064174800401211e-07
-9.072163591130805073e-07
-9.169815468070734724e-07
-7.126119241555558184e-07
-1.005455350468288066e-06
-9.766463316623904905e-07
-9.346250313846107412e-07
-9.264545724010323042e-07
-9.421243353194149833e-07
-9.186484076016624601e-07
-9.402312771263804617e-07
-9.272234797729581503e-07
-9.375164903188277736e-07
-9.368659774248391311e-07
-9.070728114239907209e-07
-9.680399516172558438e-07
-9.359070243405485097e-07
-8.791745409838688518e-08
-9.454662764796167884e-07
-1.962159653462109201e-07
-9.244959821379702682e-07
-8.901377449425945402e-07
9.411565443510336426e-07
-9.361153087201976719e-07
-9.520061745783196898e-07
-1.520773788648638781e-07
-9.443145665980574688e-07
-9.349615782333225400e-07
-9.090416173531923922e-07
-9.158230853570527348e-07
-9.252362022053119776e-07
-9.501054361918855104e-07
-9.264807986676609670e-07
-9.253106558802592562e-07
-2.108265491782207789e-07
9.559626898836826918e-07
-9.415828705972786386e-07
-9.612749102181320021e-07
-8.701621278154781022e-07
-9.915605517595883428e-07
9.496695101365052116e-07
-8.727832237209796770e-07
-9.264853403885611346e-07
-9.891052277923827964e-07
-9.248531131980302576e-07
-9.692658744598042765e-07
-8.971260810610987217e-07
-9.179343541261111684e-07
-9.343313118210894600e-07
1.006173214485508514e-06
-9.753878244669884236e-07
-9.575476486469063649e-07
-9.353574341629032180e-07
-9.479046022649715223e-07
-8.954838316592039694e-07
-9.155480584502086115e-07
-9.027363454983057492e-07
-9.057962451419916356e-07
-9.415026817758563362e-07
-9.301969137971932408e-07
-9.036111156822282854e-07
-7.774949056127922468e-07
-9.050021027449591433e-07
-9.008694931354459747e-07
-8.609057802035802288e-07
-9.162652865475382813e-07
-8.919379358756615542e-07
-9.088865981416541657e-07
-9.194666324997857809e-07
-9.256036781972039652e-07
-9.336223426939674137e-07
-9.884708223403594115e-07
-1.984543439430299026e-07
-8.987996491369847875e-07
-4.413096259500975333e-06
-1.249644496487147616e-07
-8.750923606415377986e-07
-1.375611452476234580e-07
-9.708908943083444452e-07
1.033120828984877039e-06
-9.476299013263037538e-07
-9.264766623207893599e-07
-9.308241437823514602e-07
-1.730850225599930871e-07
-9.372585849875970210e-07
-9.374559323247913344e-07
-9.408236487584816627e-07
-9.215760839336318518e-07
2.544426515652273906e-07
9.185884631271581263e-07
-9.216858637502807856e-07
-9.725904825384870123e-07
-8.703886332339038254e-07
-9.597349410310722475e-07
-9.304832043586929166e-07
-8.772307104933632958e-07
-9.576037689295842045e-07
-9.413678422153291409e-07
-9.228869086891627690e-07
1.006507645291420532e-06
-9.106091627645325770e-07
-8.659898436010646912e-07
-9.216138632035326891e-07
-1.001054382141870972e-06
-8.724943188230167503e-07
-9.291449403580852897e-07
-8.461638542425279848e-07
-9.454611754020018081e-07
-8.948241204009518647e-07
-9.253752344946162220e-07
-9.206487358054832207e-07
-9.163708740959409205e-07
-9.341346579831602671e-07
-1.001373316094387036e-06
9.847745753427502631e-07
-9.206819341127756977e-07
-9.388529907303831296e-07
-9.058986370069114823e-07
-8.977665518009001520e-07
-9.461367468042511417e-07
-9.015316701836137372e-07
-9.494819838785111759e-07
-9.518395350337818835e-07
-9.330821938636743941e-07
9.769943896584272989e-07
-9.511941536646301855e-07
-8.025959377943210601e-08
-2.332016680327139603e-07
-9.657634466572961842e-07
1.019986386619872193e-06
-9.268935064281602485e-07
-8.837505317049225533e-07
-9.122744680942103500e-07
-9.464507753964530433e-07
-8.960123809386120240e-07
-9.230354642117245627e-07
-1.799221979014170298e-07
-8.866360434080243433e-07
-9.184219106676036630e-07
-9.185446103260467103e-07
-9.071794684869931527e-07
-8.939516651588264456e-07
-9.359489098927686761e-08
-9.250446601371829614e-07
-8.226755324239254290e-07
-9.600223532404652442e-07
-9.208483172892750657e-07
-9.425228981427090929e-07
-9.554035036139649434e-07
-9.779370970733538855e-07
-9.712591940759160866e-07
-9.962750107452622321e-07
-9.230072309635707726e-07
-9.186682955899635986e-07
9.347535755825474129e-07
-1.092543227550180848e-06
-9.012463050529585019e-07
-9.527261922266991956e-07
-9.273787935104443406e-07
-9.451982747323668736e-07
-8.871723844184852450e-07
-9.621488733732281385e-07
-9.009711503742370394e-07
-9.305569320814232431e-07
-9.338629548541428833e-07
-9.181808559605436852e-07
-9.724967237814404932e-07
-1.728976340023724995e-07
-8.515442646873819239e-07
-9.200753612812464617e-07
-1.834934898493019511e-07
-9.640779510990918100e-07
-9.330668389176416083e-07
9.425752561444365977e-07
-8.952252997775600430e-07
-7.629760587054841210e-07
-9.580450050889609772e-07
-9.277004402010406596e-07
-8.206829126414306176e-07
-9.456965788090528160e-07
-8.044172780572122832e-07
-9.161943667379858288e-07
-9.603087801297832576e-07
-9.155777712309868486e-07
-9.293446130413501240e-07
-9.415167235432319816e-07
-9.274620148103757649e-07
-1.167620699649123345e-07
-8.861354215812040765e-07
-9.277589379519564530e-07
9.679514683161643782e-07
-9.481061880092317857e-07
-8.770950012414264231e-07
-8.663740755576123310e-07
9.066231416421840774e-07
-8.938248469166465044e-07
-1.103599755532172557e-06
-9.081192223865990638e-07
-9.316508722798795856e-07
-9.156598332740759972e-07
-9.454695258167223821e-07
1.005374633420238172e-06
-9.537579326860508957e-07
9.848916954783999018e-07
-8.987174474617206707e-07
-8.830611515496556280e-07
-9.200761825759526369e-07
-8.332920931458983957e-07
-9.325041308016393053e-07
-9.288456650653626279e-07
-1.751770574590138535e-07
-9.396007169301913857e-07
-8.810044131713886811e-07
-9.292665213019294883e-07
-9.016452556146639868e-07
-9.437630741627511957e-07
-9.518880820537079370e-07
-9.269646963362978334e-07
9.847673317306477112e-07
-1.276185797995288060e-07
-9.296427270193373891e-07
-9.575852896184878385e-07
-9.406500884424001705e-07
-9.152555923906475742e-07
-9.969212719496112982e-07
9.125494557040462523e-07
-8.928991259572118801e-07
-9.130211814015798572e-07
9.003680462066620771e-07
-9.117627189013173492e-07
-9.376217283378238139e-07
-9.266126351024968496e-07
-9.085721975857543233e-07
-2.158077561272210507e-06
9.781732161495564216e-07
1.073944505878993171e-06
-9.327732790594955316e-07
-9.107711615975543464e-07
-9.324222926517953835e-07
9.909681893920729503e-07
-9.176412151719329879e-07
-9.509815666063571371e-07
-1.559573808213717137e-07
-9.743789865212671942e-07
-9.261671753091634892e-07
-8.983366882240596292e-07
9.304282323474488317e-07
-5.713718477298241182e-08
-9.382974783658177948e-07
-2.779002586284296286e-07
-9.499194850984688076e-07
-9.500724448518140329e-07
-9.314690038865346451e-07
-8.741422917964955901e-07
-9.077397144906184988e-07
-1.060425447486278784e-06
-1.012439493277192213e-06
-1.012766016925050012e-06
-9.462604685646292059e-07
-9.020985890995238052e-07
-9.034366565672178248e-07
-8.674571332061553151e-07
-9.240546485311479893e-07
-9.544269778130614698e-07
1.036593502567817951e-06
-9.113521734998132964e-07
-9.100044361512457469e-07
-9.633829061041160140e-07
-9.114365835448976782e-07
-9.440156470412162965e-07
-9.445803522726251888e-07
-8.933657384507905207e-07
-9.422765265350870599e-07
-8.906955829496776336e-07
-8.961671289870725551e-07
-9.239598071771683340e-07
-9.031539473894704160e-07
-9.575794476329030527e-07
-9.364682209608505336e-07
9.723683814087674806e-07
-9.065787666630216894e-07
-8.665965802683770683e-07
-9.200851666396021652e-07
-8.901241376856220885e-07
-9.766035948888372103e-07
-9.397598813580950741e-07
-9.058843565753351468e-07
-9.271387454519598692e-07
-2.277263758789985091e-07
9.521474608793715638e-07
-8.986934249374404154e-07
-7.833470582605618452e-07
-9.228626189857676405e-07
-9.400225984509312478e-07
-9.389878040544430898e-07
9.840168744915847120e-07
-9.552561111416053997e-07
-9.125764119218223968e-07
-9.193417963382677183e-07
-7.154591738711248870e-07
-8.596238857728983225e-07
9.924357893818455587e-07
-9.309248570238499236e-07
-9.113828802400614363e-07
-9.288815948297459068e-07
-9.178484581821932348e-07
-9.130821209912367415e-07
-9.089418073875277661e-07
-9.430482865398003795e-07
-9.465941243594723512e-07
-9.189055665075912404e-07
-8.799252233084874418e-07
-9.024562202036326980e-07
-8.853484324901457263e-07
-9.252402496138498015e-07
-8.079964054726108386e-07
-8.838732359866967374e-07
-9.161799049150394869e-07
-9.421642550550913310e-07
-8.986392527354029435e-07
-9.263496669651143026e-07
-8.881099427440168840e-07
-9.730401222113386402e-07
1.338000935471911960e-06
9.509178587544872456e-07
-9.003803417577502079e-07
-9.285405427993532335e-07
-9.409085084696577598e-07
-9.768135076331207978e-07
-9.154626011462117884e-07
-8.936182710003558652e-07
-9.471755300616324199e-07
-8.396838937810337272e-07
9.749645750725230825e-07
9.338166655825683557e-07
-9.538901328861710338e-07
-8.787135491520645110e-07
-9.656552254075747006e-07
-9.195373105461698851e-07
-1.626273734420398343e-07
-9.241758512355790718e-07
-8.901084322820318464e-07
-8.731631169946441007e-07
-1.717437803225323340e-07
-9.604455316819725260e-07
-9.489071584364690422e-07
-9.378998724088351822e-07
-9.437340160491513140e-07
-8.883017876836342076e-07
-9.228513640078994886e-07
-8.828400820004405258e-07
-8.461524655041863941e-07
-8.950102170642322140e-07
-9.350817263627388359e-07
9.739915628685259881e-07
-7.333006868575176092e-07
-9.841999207996952003e-07
-9.140285154558632318e-07
-9.402961698385620840e-07
-9.642456362486265837e-07
-9.613214663336151021e-07
-9.246998114602069410e-07
-9.353211085436402339e-07
-1.675814034647056506e-07
-9.041614957273733849e-07
-9.259787709607561953e-07
-2.051605349423279359e-07
1.118872181099666750e-06
-9.365013770684511350e-07
-9.154211106542937539e-07
-7.739701445268005289e-07
9.635883418859044855e-07
-9.279685932987232638e-07
-9.231371047197626699e-07
-8.480036971640882156e-07
-9.341673129950342697e-07
-9.255077472191132491e-07
-9.587121635462754743e-07
9.139476327286669099e-07
-9.153937314705153421e-07
-9.403836482137464403e-07
-9.641234856160667255e-07
-9.819094638229541234e-07
-9.195975773541176359e-07
-9.220827857519624456e-07
9.649561094045082073e-07
-8.882712751722127222e-07
-9.085887350607023801e-07
-8.872023934372945782e-07
-1.123761703411530358e-07
-9.635136605787201919e-07
-9.108818680001563977e-07
-9.139636121903598415e-07
-9.297716585603233848e-07
-9.076287272923605385e-07
-9.026246475173393363e-07
-9.064180110200655992e-07
-9.781536748794180812e-07
-9.208948202541833616e-07
9.220390091844010528e-07
-8.121825133642702457e-08
-9.582709944325861019e-07
-8.581390531283115015e-07
-9.509686952552458900e-07
-9.086203029938269629e-07
-9.664443996926853195e-07
-8.823165241102718503e-07
-9.441726891218638249e-07
-9.271062863659240785e-07
-9.297406777933270681e-07
-9.159595148035749573e-07
9.392654185825745119e-07
-9.689299306813396367e-07
-9.790627973154042737e-07
9.315471983467168437e-07
-8.731433151395483107e-07
-9.467411027997311267e-07
-9.489727186695465829e-07
1.008965586519970118e-06
-9.741421747507663935e-07
-9.326212462917113338e-07
9.728081156592981846e-07
-9.599236296826352517e-07
-9.534296055451052786e-07
-9.667800206467449644e-07
-9.053399156053963530e-07
-9.340152626171299547e-07
9.823082343382347735e-07
9.399329701382941696e-07
9.159979587146685918e-07
-8.974526500761657952e-07
-9.408962688330082814e-07
-9.669072085038527880e-07
-1.263086415814412314e-07
1.030701719064231064e-06
-9.141760233438964589e-07
1.011504787739903263e-06
9.407252317840029944e-07
-2.516806822062905069e-07
-8.982594677650623629e-07
-7.095382990073234037e-07
-9.516929889994074050e-07
-9.719803507689314783e-07
9.057732277076571136e-07
9.809229163056278191e-07
-9.553598245082419466e-07
-8.868030987230238709e-07
-8.865113469856466871e-07
-8.875928399989086520e-07
-9.505850315629538379e-07
-8.981673378157330979e-07
-1.733835882799241400e-07
-9.316998749989003211e-07
9.665119645008181506e-07
9.756832271825742116e-07
-8.964632195297435096e-07
-9.568321276882092523e-07
-9.354418000970598994e-07
-9.160686041647887130e-07
-9.428240526407461223e-07
-9.919539249359912378e-07
9.350152833613108035e-07
-9.050642694629643930e-07
-9.181648918249261995e-07
-9.726699674503488097e-07
-8.999186030230597199e-07
-9.554614352437447137e-07
-1.481144647705638329e-07
-8.343287388811526605e-07
-9.375865233383036424e-07
-9.249593170698140994e-07
-9.325654905807077268e-07
-8.495972023902728648e-07
-9.304898876126520252e-07
-9.450333666890425291e-07
-7.853039367669886596e-07
-9.524585048432795521e-07
-9.390451878422491622e-07
-9.740031794652871663e-07
-9.553669968553185373e-07
-9.000953893889934976e-07
-9.465869713608697367e-07
-8.144708039601267362e-07
-9.205629416931607901e-07
-9.262425808983950163e-07
-9.639173342298006561e-07
-9.261060171180328005e-07
-9.310979957201957975e-07
-9.330666926691634342e-07
-9.033712834412019036e-07
-8.970296969540932417e-07
9.484748000191983892e-07
-9.524073172461506843e-07
-9.822779345843473856e-07
-1.102907837484463574e-07
-8.621115735176939612e-07
-1.049367681865712496e-07
-9.230378585576877606e-07
-9.287125381096438136e-07
-9.055184202149792490e-07
-8.212511730460024572e-07
1.005373915383467561e-06
9.939492527325694308e-07
-9.261318937328278986e-07
-9.257436382991278769e-07
-9.109955834915245468e-07
-8.924301216626137777e-07
-9.382821933396615577e-07
-9.041191245284088756e-07
-8.948416063096039229e-07
-9.445502621722964756e-07
-9.302825231335512974e-07
-9.525326629038750934e-07
-9.657652839996391545e-07
9.574531665794911163e-07
-9.091875421201514461e-07
-9.113086805289216788e-07
-9.180261896111670560e-07
-9.301885032787008546e-07
9.129258136751328136e-07
-9.386628404392946802e-07
-9.131039506919698274e-07
-9.069625710815705686e-07
-9.195241519142044475e-07
-9.321326538903590115e-07
-9.154221575946993608e-07
-2.002242132920019678e-07
1.064825888654340204e-06
-9.097017286320335072e-08
-9.262478604794088875e-07
9.897046142479426736e-07
-9.413751286657640700e-07
-9.084665843966739774e-07
-8.964625725392789654e-07
-9.660106307544276439e-07
-9.271414362799674148e-07
-8.602737830849933222e-07
-9.756885376798456476e-07
-9.323715009464808807e-07
-9.235180747496855172e-07
-9.503931723630997783e-07
-9.275232808259949483e-07
-1.665721696178429529e-07
-8.482990044131148886e-07
-8.024529689837387797e-07
-9.380112687654059310e-07
-1.001238768796380022e-06
-1.740245307257238405e-07
-9.169187420053552304e-07
-9.511363541243544304e-07
-9.406741119682331467e-07
-9.878538370902264164e-07
-9.378020719428908603e-07
9.110853596186680875e-07
-2.517052645996392877e-07
-9.023023031991980246e-07
-8.952127295282107321e-07
-9.195516295150009339e-07
-9.430256116183943579e-07
-8.699507965679986489e-07
9.046686069346926379e-07
-9.286858312985046322e-07
-8.846105837646133877e-07
9.859504779426949367e-07
-9.466089676837707239e-07
-9.186801020633254711e-07
-9.393103327840421227e-07
-2.290785191509054956e-07
-9.011938393510117648e-07
-9.349473072700646127e-07
-9.178405841392015727e-07
-9.547497788126339714e-07
-1.266059942754984921e-07
-9.094551290892029502e-07
-9.130481609168242095e-07
9.775756942387037247e-07
-9.501689600826933685e-07
-9.182560251231964938e-07
-9.151981681871884194e-07
-9.198100305693592735e-07
-8.923916244690983081e-07
-9.327447420076940991e-07
9.342512590069183589e-07
-9.163180795093818532e-07
-9.514803960864621069e-07
-9.279923703463214986e-07
-8.871824482971019084e-07
-9.367981972375541970e-07
-1.079702500904595800e-06
-9.329930810818058048e-07
-9.268554741014438644e-07
-9.440735925033128166e-07
-8.685771351708579766e-07
-9.259980965294445963e-07
-9.326268224887289778e-07
-1.725133100499631819e-07
-1.809395151950243782e-07
-9.097709791975295962e-07
-9.491891973560613540e-07
-9.083002467817041477e-07
-9.082984432701385174e-07
9.515878955358302370e-07
-9.369586886376421136e-07
-1.032518381380576496e-06
-9.136230589455710692e-07
-9.519110895594559823e-07
-9.659387639241439071e-07
-9.140399805178310822e-07
-9.440497834269964489e-07
-9.584775465827509211e-07
-1.455334769150560620e-07
-9.501693008257409141e-07
-9.635654574108949708e-07
-9.400436079607013812e-07
-9.422044780935098940e-07
-9.308212898140917138e-07
-9.036952104602777175e-07
-9.577401162808087820e-07
9.780877584228882519e-07
-9.549119889819994193e-07
-9.359396148264644772e-07
-9.158423506008440671e-07
-9.377026610811215666e-07
9.760246262821382306e-07
-9.354741435093075626e-07
-8.848657119582889393e-07
-1.670577645023086996e-07
-9.025250009613236224e-07
-9.040629173506704792e-07
-9.238296824037035714e-07
-8.956550704420003451e-07
-7.810284580471095550e-07
-8.843609158231656199e-07
-8.827723884958436010e-07
-9.545992995361676566e-07
-8.733881457220486386e-07
-9.434637898901945558e-07
-8.779857695032142738e-07
-9.185545952219936989e-07
-9.009435023242292476e-07
-9.554297016201778837e-07
-9.287630835956692761e-07
-9.530898610251572940e-07
-1.021423235566369830e-06
-9.420086949298778813e-07
-9.317670480463763478e-07
-9.551213937595803585e-07
-9.494303711411001460e-07
-9.743001644950542246e-07
-9.201029169242585062e-07
-9.381481855091952859e-07
9.504212367486532403e-07
-1.883620231468356564e-07
-9.085778584070294132e-07
9.455053944314790813e-07
-9.776645414599939368e-07
-9.004245347451864946e-07
-9.114427759148098986e-07
-9.581780732994479238e-07
-9.457860640216772308e-07
-9.129900919238445790e-07
-9.657463109471507432e-07
-8.908508216866401913e-07
-9.152008694407271427e-07
9.771427835214785974e-07
-8.918034974398122871e-07
-9.762060163843448841e-07
-9.274082974712568725e-07
-8.611733723423479310e-07
-2.406824097129131801e-07
-9.178311692701249603e-07
-9.602624100923564007e-07
-9.079905106062046623e-07
-8.710456090603107188e-07
-9.613938863995287878e-07
9.536726168176083487e-07
-9.497314063895599681e-07
-1.044456239148365959e-06
-9.592544993557630278e-07
-9.058542025754300042e-07
-9.560009195390255982e-07
-8.185083123587402177e-07
-9.305537554526034730e-07
-9.577404645698638493e-07
-9.083501180593915768e-07
9.410030930344261375e-07
-9.196442662664480951e-07
-9.351273460655582764e-07
-9.304186406139119896e-07
-9.672650831594659260e-07
-9.319491880332359282e-07
9.116298096428372455e-07
-9.272671496374123556e-07
-9.287150458656158371e-07
-9.649374763325305895e-07
-9.402382424771254364e-07
-8.802627930896495329e-07
-9.104393716504747033e-07
9.699955201362684156e-07
-8.974180065430781037e-07
1.002901941638240081e-06
-9.212610349128220732e-07
-1.211302895730746090e-07
-1.908268867010771023e-07
-8.808268447857417158e-07
-7.950476720140456472e-07
-9.243525370486132127e-07
-9.016046493424662233e-07
-9.402195368977709045e-07
-8.732353490404548950e-07
-1.010032483523885067e-06
-9.233532801886796128e-07
9.542707577052794699e-07
-9.581938434722697810e-07
-9.213985006151328397e-07
-9.536089440375394495e-07
9.674000009882772202e-07
-9.000028084053290689e-07
-9.420498511219536171e-07
-8.592867141312865650e-07
-9.583634004951290978e-07
9.738154899943633854e-07
-9.138920442255418875e-07
9.447429132995487086e-07
-9.111387687176557278e-07
-9.871615534478284652e-07
9.576476740406629635e-07
-9.799765914232765910e-07
-8.787431208183090884e-07
-8.989110776606834056e-07
-9.561038170596076350e-07
-9.120787062499818324e-07
-9.704097498677257056e-07
-9.322671486944980896e-07
-1.013846754341333016e-06
9.382018713887680929e-07
-9.344861813245760000e-07
-8.911246179578909990e-07
1.017856838282783380e-06
-1.000665610282747628e-06
-9.251273865869663769e-07
-9.026648598394100293e-07
-9.765151761189872538e-07
-9.378133850171690420e-07
9.781519114829806790e-07
8.893901617169620388e-07
-9.470023366564246994e-07
-9.205378244723844554e-07
-9.256583561583214797e-07
-8.859760716018383873e-07
-9.822219800984190867e-07
-9.279779408748221598e-07
-9.244257074634198431e-07
-9.372289133037916055e-07
-9.353184328130835657e-07
-8.847060441881753393e-07
-9.198924134436618605e-07
-9.405282413186633143e-07
-8.501210184111465420e-07
-9.404347678383647746e-07
-9.309517501980482179e-07
-8.827743548012071689e-07
-9.236342742989022160e-07
-1.113420783576196500e-07
-9.349831143114918055e-07
-9.129345050026608412e-07
-9.505487347818081397e-07
-7.868224044603922508e-08
-9.023243391392358178e-07
-9.734886535622114497e-07
-9.027924147089602983e-07
-9.188283690006021237e-07
-9.682175472924848369e-07
9.540485793062483920e-07
-9.030993537320820687e-07
-9.350457731387402556e-07
-8.906452106409105365e-07
-9.922008677056140990e-07
-9.310381701343881662e-07
-9.934349064871149677e-07
9.857406006621807555e-07
-9.400234967899736303e-07
-9.538199969058489953e-07
9.436381070295152999e-07
-9.538145380644965691e-07
-8.015674132615749274e-07
-9.581003082922427139e-07
-9.361012141269863137e-07
-9.354748277795077306e-07
9.853608865540456420e-07
-9.762948333377866523e-07
-9.420437996732050578e-07
-2.314061086076035956e-07
-9.750922317966891981e-07
-9.161691733662573593e-07
-9.472994908466834091e-07
1.078430215196651340e-06
9.466199985656762183e-07
-8.517085309444556685e-07
-9.224706478218648377e-07
-9.386045881454352598e-07
-8.728708046087999662e-07
8.572066084389456701e-07
9.465043702869846442e-07
-9.652176932336491738e-07
-8.523613181026887230e-07
-9.777231172366684968e-07
9.616547340779706058e-07
-8.987196736463719754e-07
9.380640424426180940e-07
9.679840823909672743e-07
-9.207368046975956079e-07
-9.498153228955500304e-07
-9.089010895511384239e-07
-9.635686650635665600e-07
-9.849597467525209897e-07
-1.505819439513383013e-07
-2.096612272247470007e-07
-9.182815564970202665e-07
-9.307325789041779768e-07
-9.335792937578415447e-07
9.529447815417108561e-07
-9.162742593579156011e-07
-9.204116038016130943e-07
-9.680302892241026397e-07
-9.370673997698105424e-07
-9.178182373175035302e-07
-9.325427110653746366e-07
-8.771696387568129495e-07
-1.242478180032095039e-07
-9.457832626334652001e-07
-9.496756994971806327e-07
-9.666598905577438521e-07
-8.986284111051100128e-07
-8.481599903835292222e-07
-9.473021184826642277e-07
-8.189758534627763286e-07
-9.224022357203156624e-07
-9.572269939436337729e-07
-9.662823534358666440e-07
-9.098504206788597430e-07
-9.103581670235940780e-07
-9.479287232478915691e-07
-9.639403955497560320e-07
-9.175828485362254796e-07
-9.454779559906744487e-07
-8.709216070894702096e-07
-9.071134427019237293e-07
-9.025293879814454514e-07
-8.907175528434321425e-07
-9.187675890766898899e-07
-1.541334955072183539e-07
-9.086106815283164357e-07
-8.816801949811031287e-07
-9.214994687781380025e-07
-9.443543678696334487e-07
-8.302201374496945557e-07
-9.110172221577749698e-07
1.025963669896479586e-06
-9.061634365903047049e-07
-1.007066236321645921e-06
-7.994230086687916456e-07
-9.073805733819497382e-07
-9.677353015070306496e-07
-2.420080684171445234e-07
-9.779980196581940553e-07
-9.143377595972529274e-07
-9.543325114775660690e-07
-9.472462695760434240e-07
-7.700247893011693046e-07
-8.745581789762543604e-07
-9.215673811966977149e-07
-2.289193339517074560e-07
-9.101036873784366497e-07
9.525576838820083277e-07
-1.401542035108217947e-07
-9.202710821426518117e-07
-9.229908639886423395e-07
-9.341800383143091479e-07
-1.838023817253804866e-07
-9.188888325109897146e-07
-8.924890213292050878e-07
-9.690262014887439653e-07
9.581798459053742884e-07
-9.139888589638067958e-07
9.557857072524392727e-07
-9.083914890875941105e-07
-9.433933630680889576e-07
-9.650911846779616522e-07
-9.557831490190590759e-07
-9.480384351702299568e-07
-9.432454939815266271e-07
-8.710161283627313347e-07
-9.294013023801748654e-07
9.607880870388418191e-07
-3.680890475159003387e-10
-9.219224627394606861e-07
-9.131117893076820510e-07
-9.510138295503394976e-07
-9.334032345746140345e-07
-9.367413632352386023e-07
-8.518526693443571039e-07
-9.023715491688446431e-07
-8.978187355653296867e-07
-9.924110481485582173e-07
-9.091016904621234914e-07
-9.188115927532146363e-07
-9.712173768224677690e-07
-9.586884500734052046e-07
8.583807475842388023e-07
-8.622061087917572773e-07
-9.229763014515856622e-07
-9.327373936587417507e-07
-8.938859150361359846e-07
-9.394410282494314270e-07
-9.443659714221706720e-07
-9.079690950896828389e-10
2.208022190666384852e-07
-9.323685175386151196e-07
8.138354860158848563e-07
9.660928433276094015e-07
-9.477036789944621523e-07
-8.984205621603837773e-07
-9.546220059695031398e-07
9.803087725799291678e-07
-9.547944693915916964e-07
-1.516913528436831284e-07
-8.946012473810875882e-07
-8.819972478336170596e-07
-9.126344066565415192e-07
8.070375944800251779e-07
-9.309011122853874904e-07
-9.500137260304642130e-07
