-3.842211562379267308e-07
-4.700860433326481971e-07
-5.140569837710898789e-07
5.322587945549362780e-07
-4.801860566904357200e-07
-4.684079731552445188e-07
-5.250025068810650776e-07
-4.476323625220145840e-07
-5.251101091611629406e-07
-5.345483025077963712e-07
-3.406721098000821424e-07
-4.609638765041895304e-07
-4.280114244094512365e-07
-4.740782451696977641e-07
-5.109202529182777745e-07
-4.212440674021841753e-07
-4.762348952614541814e-07
-4.714415418849438356e-07
-4.758977617585699884e-07
-4.834600088934227103e-07
-4.604560805730075744e-07
-4.718035487139525657e-07
-4.761880252036571212e-07
-3.676552461057791268e-07
-4.783108281871115224e-07
-5.996843374944907307e-07
-4.840788114387925597e-07
-4.892422626053756173e-07
-4.817247289813299152e-07
-4.641110331278377923e-07
-4.419664378657914171e-07
-4.993570271325184184e-07
-4.908622178402030937e-07
-3.644134251016044627e-07
-4.529251412047633026e-07
-5.256597152506291960e-07
-5.223103592682068964e-07
-4.405389335306854579e-07
-3.800584606116487930e-07
-5.432398941534243733e-07
-4.830374421615229905e-07
-4.610581278073069522e-07
-5.382066900468336265e-07
-5.231293452848202874e-07
-4.793841470692792519e-07
-4.313046778854417384e-07
-4.748576061312671340e-07
-4.304642780113887931e-07
-4.984572271277132231e-07
-4.824954555830063882e-07
-4.304370601331763541e-07
-4.655366198205052940e-07
-4.695943785780994149e-07
-4.739050864870118121e-07
-4.661091360977194105e-07
-5.096549405552408841e-07
-4.795775582064284336e-07
-4.234759331213493760e-07
-5.165109331353214613e-07
-4.525726126800666407e-07
-3.982038046717692181e-07
-4.807663809528448660e-07
-4.805408113407621131e-07
-4.752728093692441798e-07
-4.800833088016316410e-07
-4.391239903688326076e-07
-4.749114713704452517e-07
-4.842197568969437739e-07
-4.682544887603495563e-07
-4.830710009275992520e-07
-4.974973125474931836e-07
-4.581286476022883381e-07
-5.918796549860475634e-07
-4.679806012709665234e-07
-4.474296182072295960e-07
-4.272491763704554641e-07
-4.885001481516584642e-07
-4.889079254807150655e-07
-4.517127004421087542e-07
-4.106024576716664782e-07
-4.161021000505196073e-07
-5.015464201400700515e-07
-5.620027957017724654e-07
-4.846007826587416154e-07
-4.601662888259644901e-07
-5.102278887391619765e-07
-5.054340020943609051e-07
-4.523721898183097621e-07
-4.658272857981961321e-07
-4.660719074949380001e-07
-4.615148609851485601e-07
-4.209046362454075197e-07
-5.027958598008447382e-06
-5.198780599471008048e-07
-4.928405018264346169e-07
-4.729313923544378736e-07
-4.791700086343629303e-07
-4.866650794331976294e-07
-4.442496192159618680e-07
-4.589591463121872813e-07
-4.923575813130501518e-07
-4.781471676750035437e-07
-4.461674291109092983e-07
-4.640184814257730662e-07
-4.748488828452968619e-07
-4.531878882426265646e-07
-4.678291182861525626e-07
-4.229112500792737618e-08
6.645157743196978623e-07
-4.252364267702122143e-07
-5.236977837832162830e-07
-4.697080431739197234e-07
-4.290928181003821305e-07
-3.986247021172058170e-07
-4.694610779110169283e-07
-4.572982370891536679e-07
-6.924058951746567405e-07
-3.963448962440424076e-07
-4.619820379479930698e-07
-4.496656148974618485e-07
-4.567425847866156774e-07
-4.854365622754624272e-07
-4.882931576841689502e-07
-4.929626405476417235e-07
-5.084539909488480527e-07
-5.155083689885148169e-07
-4.468082270612811820e-07
-5.047907295577114335e-07
-4.426063336598138934e-07
-4.795390422166406244e-07
-4.719114701196334319e-07
-4.980058892422340723e-07
-4.461176841956336842e-07
-4.603307371946722787e-07
-4.847688082555571819e-07
-4.924233042885492703e-07
-4.713573299992674846e-07
-4.549151111894926521e-07
-4.624191353496433618e-07
-1.765901538178688559e-07
-4.477916346990332755e-07
-4.261959637670585961e-07
-4.974016835678724451e-07
-4.097907551106731176e-07
-4.574797655112312737e-07
-5.097667373643261423e-07
-4.987997119136992083e-07
-3.006522511160908898e-07
-5.244782682847675659e-07
-4.731909260995370532e-07
-4.866529545079225148e-07
-4.417720496756156464e-07
-5.028536500592587278e-07
-4.835815200980488294e-07
-4.284046403507767200e-07
-5.133308268832578300e-07
-4.467870928137166321e-07
-4.688632634212282229e-07
-4.643002355532699574e-07
-5.080944963490036166e-07
-4.638192355639361244e-07
-4.573505196340367511e-07
-4.103523333733451879e-07
-5.444509521452712266e-07
-4.132837538014583536e-07
-3.015909889781511328e-07
-4.881623359534235660e-07
-5.035142304982803449e-07
-4.606351130228098906e-07
-4.832310203256919644e-07
-4.278794684983287195e-07
-4.606176466867064868e-07
-4.820601178531831121e-07
-2.693318919588694280e-07
-4.833227760057749921e-07
-5.145176380809884587e-07
-5.045011051601644899e-07
-5.014699300312084664e-07
-4.884758915598552817e-07
-5.015549067596965415e-07
-3.720993637276070412e-07
-4.629715232977770150e-07
-5.330941765425965729e-07
-4.148837356744769465e-07
-4.493447364930493022e-07
-5.095814902659341923e-07
-4.673885271429483593e-07
-5.070181705610259485e-07
-5.053841998832190698e-07
-4.789052446913843410e-07
-5.079967930973788875e-07
-4.706553101690191126e-07
-4.948668287423334992e-07
-5.103216410272169189e-07
-4.773312099248609731e-07
-4.697876803610567157e-07
-4.663712139613387392e-07
-4.399601202475538910e-07
-4.969028975636994565e-07
-4.994737239944024036e-07
-4.603704884074548321e-07
-4.245388301631662920e-07
-4.539992851594972727e-07
-4.516056426218683221e-07
-4.482658790296511392e-07
-4.591697426018544617e-07
-5.097011829826256813e-07
-4.540951849946866948e-07
-4.540687062227826419e-07
-4.313757317396672475e-07
-4.586516153731567414e-07
-5.118954017379343270e-07
-4.423202582934737178e-07
-4.448737652489734615e-07
-3.952180036518100343e-07
-4.836376962521414475e-07
-4.009433696354453686e-07
-4.917341710788135167e-07
-5.592593230077221073e-07
-4.583610310358769447e-07
-4.690713530505541444e-07
-4.758569086994137735e-07
-4.347533369741478466e-07
-4.956341577404127711e-07
-5.448290082852738579e-07
-5.138283631218272998e-07
-4.792266643131396690e-07
-5.050840146602302824e-07
-4.979001789970773582e-07
-4.810904267391638693e-07
-4.696443380776274215e-07
-4.264951388952359043e-07
5.645238462478574612e-07
-4.562030957077068529e-07
-4.475038077978976210e-07
-4.688482634162967007e-07
-4.720274920943609329e-07
-4.402847110368137050e-07
-4.939070510435174855e-07
-4.770429602564309986e-07
-5.187246526512286449e-07
-4.494784180605036204e-07
-4.946090867492494783e-07
-4.890177545181342091e-07
-4.647231798655962426e-07
-4.394572673254878995e-07
-5.321232921403719479e-07
-4.635835721716537279e-07
-4.724377915854447626e-07
-3.086355975734797979e-07
-4.292494791444440239e-07
-4.559881362384098210e-07
-3.738857296129457440e-07
-4.566190765924560354e-07
-4.671532137087084495e-07
-4.824249204343871965e-07
-4.070493316637397197e-07
-5.278591068667197427e-07
4.735788319414186003e-07
-4.362889519960633693e-07
-4.728704494197402545e-07
-4.887540745941231374e-07
-4.912385284965123477e-07
-4.764097281758132638e-07
-4.220956651827649333e-07
-4.682279589253968444e-07
-5.040489612103627567e-07
-5.024144942460145853e-07
-4.386649678389943964e-07
-5.419562263888358595e-07
-4.886183593296602139e-07
-4.342224394181309717e-07
-4.968043168690801968e-07
-4.635042485600909465e-07
-5.339896933032423253e-07
-4.927314581577077282e-07
-4.897864575704995128e-07
-5.211316306255606639e-07
-5.027394788554782095e-07
-4.937467085673280107e-07
-5.580230212405270393e-07
-4.349792077697007748e-07
-4.314447221701992341e-07
-4.805492814345647851e-07
-5.407247206674664719e-07
-3.286279146168638161e-07
-4.677113062040750359e-07
-5.273044492027239511e-07
-4.297570422205583483e-07
-4.690483840878148131e-07
-4.679833850535775167e-07
-4.478889614440379234e-07
-4.382603324367929159e-07
-5.099603466782014199e-07
-4.468707912664843883e-07
-4.950564036471575922e-07
-4.242439556392764573e-07
-4.935862449750121034e-07
-4.986232431544195183e-07
-5.049192047699004548e-07
-4.467436107735025545e-07
-5.004078321405006796e-07
-4.982564065235061739e-07
-5.270737519444548341e-07
-5.001109047686439058e-07
-4.683127045419075965e-07
-4.870193834858141203e-07
-4.882098039882237333e-07
-3.803349206809615219e-07
-4.293761095114608518e-07
-5.738399916492609473e-07
-5.033276796567923575e-07
-4.776185357875019803e-07
-5.320740163216240570e-07
-4.540961994556017102e-07
-4.726583500371368844e-07
-4.933515958789026374e-07
-4.711435625420500255e-07
-5.032261544788869233e-07
-4.706134411683545664e-07
-4.443334094371649674e-07
-4.841494593839979402e-07
-5.197412272803946116e-07
-4.831447764240114428e-07
-4.714433677632395540e-07
-4.811078102531689313e-07
-4.725885467706713306e-07
-5.012151980502356534e-07
-4.893620828569805199e-07
-4.742841637357185204e-07
-4.875714646432978408e-07
-4.257021605506670318e-07
-4.762004797486287156e-07
-5.338684577914211214e-07
-4.771600496567900735e-07
-4.809006032928115493e-07
-4.323697167882985993e-07
-4.736476077487113854e-07
-4.559838419509932657e-07
-4.555623323087641821e-07
-4.958359582541608917e-07
-4.812893892111469942e-07
-5.218589052380411802e-07
-4.798731183890292654e-07
-4.549105912535865385e-07
-4.589727735163446542e-07
-4.347864509387581228e-07
-4.776679991541583644e-07
-4.732494278982248841e-07
-4.997004044146431063e-07
-4.505055566224572506e-07
-4.414984013987906283e-07
-5.049329861909358786e-07
-4.580111232723243818e-07
-4.968125170518905467e-07
-4.884166071601448689e-07
-4.402084291277073838e-07
-4.763289455649474861e-07
-5.248278676157410853e-07
-5.163155329241272910e-07
-4.739135579097723324e-07
-3.069902214979259679e-07
-4.777874678931861467e-07
-4.917013456986859238e-07
-4.498546065149240877e-07
-4.622282584697467488e-07
-4.855028615185497076e-07
-4.677948064429816601e-07
-4.672889561237380360e-07
-4.995699410966989393e-07
-4.834822667108881239e-07
-4.774119629805503883e-07
-4.550458727275264412e-07
-4.516313038354703023e-07
-5.036325873279137489e-07
-4.659200863939780261e-07
-4.725688708098245695e-07
-4.345266033029292366e-07
-5.030696263903236189e-07
-5.217074608113535657e-07
-4.802392176605335865e-07
-3.925150652443286277e-07
-4.816158863611079327e-07
-4.713756268503761251e-07
-4.689090171756787782e-07
-4.832873407747537408e-07
-5.025513219658756777e-07
-4.912412838774149525e-07
-5.218176675295968194e-07
-4.685719267330177249e-07
-4.641209771505028787e-07
-4.154393701974681134e-07
-5.126093974737069530e-07
-4.629801733839462437e-07
-4.843489512497173558e-07
-4.348416538171066468e-07
-4.701010404309909784e-07
-4.724053210254541345e-07
-4.753026327748350812e-07
-5.036040711269719134e-07
-4.318866622033287232e-07
-4.825861651791848906e-07
-4.930688019319507521e-07
-4.645916248565522423e-07
-4.679937115423586493e-07
-4.704108390714135738e-07
-4.573788118386300213e-07
-5.019024868827338303e-07
-4.871726196160635385e-07
-5.171492289782772620e-07
-5.202925725804479303e-07
-4.780180405854700455e-07
-4.678072608277021912e-07
-4.785754820644398947e-07
-4.580271040301549115e-07
-4.667204681274012627e-07
-4.639342892719511441e-07
-4.615089564860803713e-07
-4.840686129817415868e-07
-4.502705893994603545e-07
-4.986966951171149715e-07
-4.774322091457373393e-07
-4.863409672940144135e-07
-4.517064692438835121e-07
-5.014006181273269405e-07
-5.012789776934879440e-07
-4.333938460068799921e-07
-4.851333581670335295e-07
-4.334175474479163378e-07
-4.856485190896337532e-07
-4.518258318402695557e-07
-4.721020334658666536e-07
-4.308192067234108915e-07
-5.197099088528760156e-07
-4.772910762991647246e-07
-4.456632352617481797e-07
-4.405677108853144805e-07
-4.761396293256172574e-07
-5.222175012443736783e-07
-5.017693467559398303e-07
-4.814910408229328147e-07
-5.022651271216977387e-07
-5.225706288517421876e-07
-4.281006048477162341e-07
-3.143242925553546404e-07
-4.753252975833199809e-07
-4.752119657746944403e-07
-4.582045581945651924e-07
-5.222954173513728345e-07
-4.759452695737083995e-07
-4.580424081618634341e-07
-4.872451409602030322e-07
-4.684680954409408780e-07
-4.634820600074965857e-07
-4.994499319320408596e-07
-4.809179260896911955e-07
-4.488183559853815714e-07
-5.331898594702620945e-07
-4.546730762938801147e-07
-4.923257018718396684e-07
-4.888949102706599046e-07
-4.473728037955472856e-07
-4.833083682304786846e-07
-4.709372901840105724e-07
-4.720452651623411943e-07
-4.418984598606594590e-07
-5.021434129474159444e-07
-4.286206688626782518e-07
-4.739637842472493463e-07
-5.149696382009557298e-07
-4.726457698238661644e-07
-4.877417836914623841e-07
-4.320242278902267116e-07
-4.677227235416124407e-07
-4.913681914520285434e-07
-4.154200201956908853e-07
-5.064876766561230680e-07
-4.717498255901749436e-07
-4.788153755989840605e-07
-5.012614328593965940e-07
-5.139502335253443041e-07
-4.993934330820843081e-07
-4.548701949647177049e-07
-4.600056210999587269e-07
-4.483992711332696436e-07
-4.952979437763330105e-07
-4.609424874930526034e-07
-5.125888837279483576e-07
-5.055774983216767310e-07
-3.406445811781261644e-07
-4.673875786055934126e-07
-4.361592910680997333e-07
-4.616647115883166421e-07
-4.648284625211598841e-07
-4.580745450833936705e-07
-4.218812279655676053e-07
-5.017182154288380694e-07
-4.781326066929426565e-07
-4.635732389445478877e-07
-4.829666023270699654e-07
-6.068915521811939217e-07
-4.842206277094294031e-07
-3.053581254320612400e-07
-4.622634119212531473e-07
-4.653558486762483470e-07
-5.560286331773950111e-07
-4.909694827610013812e-07
-4.497038802507881943e-07
-4.609884269270155240e-07
-4.685033389522050893e-07
-4.774153163435355450e-07
-4.480711744954264856e-07
-4.540479443608923358e-07
-4.735334875371307785e-07
-4.141145413441150778e-07
-5.024448576527542223e-07
-4.414675847029398507e-07
-4.497370428700466927e-07
-8.068809233248525897e-07
-4.518833559878806442e-07
-5.310918388807057064e-07
-4.480451674743687681e-07
-4.579510305762825436e-07
-5.197585227914021283e-07
-5.460168062288620779e-07
-4.481146574010688425e-07
-5.225144958257872815e-07
-5.001183436675371685e-07
-4.755513648878335893e-07
-4.515837571960005596e-07
-4.970864158701818597e-07
-4.859293218398353207e-07
-4.696407300376577247e-07
-4.779596217752441270e-07
-4.958284578878300523e-07
-4.640357499859551945e-07
-4.818966995186141171e-07
-4.817087612913178138e-07
-5.674866741752169310e-07
-4.987724114674522543e-07
-5.350712940511868579e-07
-4.965162474924398555e-07
-4.626590016336730944e-07
-4.783090978319623315e-07
-5.291549343576557987e-07
-4.038031709509101702e-07
-5.546174294914057047e-07
-4.631426661127363658e-07
-4.899336402156688979e-07
-4.834247603919108477e-07
-4.246036954113699024e-07
-4.505823254377608335e-07
4.818734583399111025e-07
-4.831683411524838459e-07
-4.350297786533509631e-07
-4.898540376610139130e-07
-4.488711185571862146e-07
-5.057004630310843827e-07
-4.700832634387983931e-07
-4.699053467499778566e-07
-4.367661264336908104e-07
-4.956879338792103854e-07
-4.948255569698674061e-07
-4.644498677197238428e-07
-4.329284250765383243e-07
-4.454355413596308880e-07
-4.661413457642530781e-07
-3.966535219938181014e-07
-6.334095239994668714e-07
-5.107981026872845899e-07
-4.753582446292154857e-07
-4.520016460634423040e-07
-4.769538794857089496e-07
-4.359927368914099567e-07
-4.469204149705291340e-07
-4.502791417327217616e-07
-4.815786173979060231e-07
-5.197940856033834100e-07
-4.630293214276036819e-07
-4.600842212113229015e-07
-4.727336318513147133e-07
-4.707499122585814787e-07
-4.011421444099241352e-07
-3.643327307688986948e-07
-4.767065427278234241e-07
-4.889183442204889642e-07
-5.048533442143060903e-07
-4.691695885250154782e-07
-4.376662952255819546e-07
-4.704261307051560949e-07
-3.921975378470474961e-07
-4.790339049631335786e-07
-4.590635991101483382e-07
-4.961658709078533827e-07
-5.013491768353292297e-07
-4.999353659621150093e-07
-4.512978084960991113e-07
-4.918429736964775264e-07
-4.917613541021844590e-07
-4.771102048804833513e-07
-4.171106004570362277e-07
-4.560366408470835445e-07
-4.842691388978403437e-07
-4.715886869609012284e-07
-4.807169155583450194e-07
-4.996224889286390615e-07
-4.522375822172822103e-07
-4.658519119284989378e-07
-4.681821904422559699e-07
-4.914372824436980915e-07
-4.837943228491765504e-07
-4.743575797906891359e-07
-4.535751420342344999e-07
-4.707374471679618113e-07
-4.650170241553741870e-07
4.896505284518729696e-07
-5.362967677742004782e-07
-4.563951217375421535e-07
-4.356682881629578825e-07
-4.280533821589469610e-07
-4.497203397912026153e-07
-4.820531924553346744e-07
-4.466643617613715470e-07
-3.948437609714524933e-07
-4.864768951745665674e-07
-4.836891513560425200e-07
-5.355838899524524521e-07
-5.014615078364691815e-07
-4.900385491821821128e-07
-4.970299669439119503e-07
-4.926441289515791950e-07
-4.532250191058976734e-07
-4.635858818599198368e-07
-4.847982369455222924e-07
-4.702225881503563973e-07
-5.441608573416327486e-07
-4.629137116072015197e-07
-4.789526252572921641e-07
-4.535393369228604453e-07
-2.187852846561601155e-07
-5.266010803610806864e-07
-4.778905206066583708e-07
-4.530472725295211126e-07
-4.514888235544635258e-07
-4.442733302961769846e-07
-3.788794395991617172e-07
-4.742153598667113956e-07
-3.177536685011149762e-07
-5.169869490879705880e-07
-4.936307182182946488e-07
-4.660821006006538232e-07
-4.729298018211565206e-07
-4.717809583873174495e-07
-4.509368943702954306e-07
-4.650211697429718491e-07
-4.728450669924317620e-07
-5.111146515517752207e-07
-4.071513213108093867e-07
-5.872175317679141710e-07
-4.961453761284144970e-07
-4.447784234723538390e-07
-5.579910211664421133e-07
-4.959693899560826363e-07
-4.990247143482735624e-07
-4.417036559439433252e-07
-4.159601676814990428e-07
-4.411776733965604574e-07
-4.884417396390564545e-07
-4.591534649962627333e-07
-4.363900737753051969e-07
-5.019347869367977856e-07
-4.437119110181629716e-07
-4.450251111008578627e-07
-4.788911719086409703e-07
-3.899535903242179747e-07
-4.793358941366964907e-07
-4.449067800467800390e-07
-4.820001841160544530e-07
-5.065214351701141560e-07
-4.849697716711413122e-07
-3.168041617287127520e-07
-4.842821327559144871e-07
-4.879147860789255537e-07
-4.028908970192947765e-07
-4.333084408731812374e-07
-4.527019080226681997e-07
-4.731260379866127268e-07
-5.170825453272071228e-07
-4.265777676939715510e-07
-4.887632842286384306e-07
-3.325207980103577822e-07
-5.061798258711897950e-07
-4.747247201812951478e-07
-5.155652746633106665e-07
-4.645849821515043512e-07
-4.649717509549534242e-07
-5.040451543575068395e-07
-5.109903038182555710e-07
-5.116623103589464958e-07
-4.667844108057462431e-07
-4.544729828495134668e-07
-5.549168789170029503e-07
-5.218519045692722645e-07
-5.044015079020041721e-07
-4.613082769670968889e-07
-4.788157520543385843e-07
-4.487631275966604013e-07
-4.777803833730722673e-07
-4.787253082274146607e-07
-4.655529895796583415e-07
-5.533827233153489639e-07
-4.698612734770690320e-07
-4.461909706789226610e-07
-5.107947850346181074e-07
-4.625864688726720662e-07
-4.996727644075059044e-07
-3.048605247911100187e-07
-4.678475900821260281e-07
-4.423810530543805504e-07
-4.784593787647214398e-07
-4.805191041944105220e-07
-4.944903290957253690e-07
-4.752153964926610084e-07
-5.152883820854709821e-07
-4.607847149906705458e-07
-5.297177497992224853e-07
-4.239600320538217468e-07
-4.776697087616233475e-07
-5.076386029292401112e-07
-4.871184948869337313e-07
-5.121090671463712123e-07
-4.067250466702296613e-07
-4.649874814846332933e-07
-5.524564536781943027e-07
-4.705076579143967034e-07
-4.333927560960574902e-07
-4.657607441760757119e-07
-4.962101224040151152e-07
-5.292265897311333723e-07
-5.472265317838805264e-07
-3.945241641351444034e-07
-4.784739570041549379e-07
-4.625354163541588806e-07
-5.654349099992541064e-07
-4.856452756015283590e-07
-4.899360983901067797e-07
-4.664314987204040192e-07
-3.425370251151123632e-07
-5.182935762195480474e-07
-4.887905858776770402e-07
-4.594655063049913396e-07
-4.008335177943257094e-07
-4.467936681552783020e-07
-4.221320421371484294e-07
-4.332729267174792986e-07
-5.093175895702773193e-07
-5.087721482990886891e-07
-4.467360048815573737e-07
-4.868936742906225901e-07
-4.638610832812956021e-07
-4.134693199636183245e-07
-4.642263857702148254e-07
-5.014427140566590070e-07
-4.652763280256273677e-07
-4.534356189887967772e-07
-5.228904277615197893e-07
-4.199823800181402531e-07
-4.954714802892516377e-07
-4.888608068135769559e-07
-4.699612640263320178e-07
-5.001962299835296313e-07
-4.709191931835116683e-07
-4.676784706727374672e-07
-5.390080302552607450e-07
-4.374208635863839315e-07
-4.455451957101360146e-07
-4.152196751363666605e-07
-4.529594375739600303e-07
-4.481369187436503840e-07
-5.172758759746057994e-07
-4.658013303184646508e-07
-4.511612289917079537e-07
-4.582999782455403929e-07
-4.460059736435226523e-07
-4.750595927316382831e-07
-5.305732384791713678e-07
-4.661362997969633857e-07
-4.530115451206484588e-07
-5.147805591311300415e-07
-5.487187048384477553e-07
-4.853520345596476996e-07
-4.521595028863717385e-07
-4.322651466513741201e-07
-4.983696950878661560e-07
-4.671841428872409349e-07
-4.564544576618649365e-07
-5.075889204882324982e-07
-4.814167063536666372e-07
-5.111143282702520610e-07
-4.944246581132466759e-07
-4.526916608784463806e-07
-5.089458413924774433e-07
-4.126716501529521856e-07
-4.717086340506399190e-07
-5.559762713742053442e-07
-4.373513835253348329e-07
-4.426243468416775992e-07
-4.461712504209670226e-07
-4.792793528627004821e-07
-5.265759292744793295e-07
-4.784342454486789338e-07
-4.696567669423367597e-07
-3.852502271262367760e-07
-4.352974064849376389e-07
4.446931505916338642e-07
-4.525201331947585876e-07
-4.422372231539210335e-07
-4.401185668338366893e-07
-4.863413335084835305e-07
-4.923052326031364354e-07
-3.869913913221102349e-07
-5.132723252369234860e-07
-4.720053610988379019e-07
-4.224220414167452249e-07
-4.734623320464385231e-07
-5.105659965006808899e-07
-4.860983948990344069e-07
-4.782764137207382470e-07
-4.608458466086775781e-07
-5.303302474619369956e-07
-4.730783588611816510e-07
-4.570451182014763738e-07
-4.474139826548367771e-07
-4.601877047393019264e-07
-5.405893373231540038e-07
-4.663800741163148572e-07
-4.740774565529712226e-07
-4.629161777895214956e-07
-4.880247017220589052e-07
-4.830073898508925456e-07
-4.052378163711081758e-07
-4.716806436168681044e-07
-4.553018149662657219e-07
-5.102759287772377893e-07
-5.008869431284486377e-07
-4.667051708316096722e-07
-4.920975117423854048e-07
-4.850300491669026164e-07
-4.498329532892882910e-07
-4.576571155430636334e-07
-5.099196138875771075e-07
-4.709169860066443477e-07
-4.394207409618883230e-07
-4.517256486119972109e-07
-5.035237755028886296e-07
-4.114222220295710594e-07
-4.469654451017491764e-07
-4.976861074649294148e-07
-4.840404173466724957e-07
-4.358331215627022490e-07
-4.561553818860139359e-07
-4.788330544607514276e-07
-4.301430294934622724e-07
-5.017125184322271347e-07
-4.640487901543092671e-07
-4.396271139041378268e-07
-5.212901518293371019e-07
-4.719054510730794724e-07
-4.959678816444394511e-07
-5.882510473925869890e-07
-5.049990062077512711e-07
-4.934716361708820577e-07
-4.831455600029933840e-07
-4.230527437422892407e-07
-4.453373149766184402e-07
-4.715068130527515689e-07
-4.338199163031845007e-07
-4.873914974488395323e-07
-5.608093928868923807e-07
-4.635624812768812035e-07
-4.689152279810541960e-07
-4.941620051933015938e-07
-4.411753735846723613e-07
-4.593116357574601692e-07
-4.919144468621884810e-07
-4.913771758289292785e-07
-4.658270806736254293e-07
-4.362740883614811383e-07
-3.251866663306485140e-07
-4.425710744198776234e-07
-4.609408898665109387e-07
-4.450693369865849881e-07
-4.481942100517857586e-07
-4.948665415592350633e-07
-4.893664801033110041e-07
-4.377181980220498088e-07
-4.365355872109986562e-07
-5.001980559421455666e-07
-4.628285939434003099e-07
-4.889634262368023467e-07
-4.468261360228483405e-07
-4.834061775778773900e-07
-4.780892229167714975e-07
-4.662478422032420515e-07
-4.724422335080085008e-07
-4.073207216789293512e-07
-4.055388354525687769e-07
-5.044522993572350559e-07
-5.592789614835099171e-07
-4.600527386577293151e-07
-4.689533257427947615e-07
-7.037445659824461092e-07
-5.066733228806510002e-07
-4.769416369001053714e-07
-4.365286683318565941e-07
-4.456997449206050629e-07
-4.587430845848102947e-07
-4.558509547428236636e-07
-4.779567863871846506e-07
-4.790724014675313120e-07
-4.730238506893785954e-07
-6.177480996139423137e-07
-4.658339589968176949e-07
-5.305642601093933545e-07
-4.449034246069236704e-07
-4.104673702727930860e-07
-4.750223289733555256e-07
-4.516233916648606009e-07
-4.519391264959501933e-07
-4.603515602234237967e-07
-4.252676871017104685e-07
-4.371352360393276725e-07
-5.113644449399507359e-07
-4.872482199453525847e-07
-4.969009045454737129e-07
-4.785636099603835125e-07
-4.516250251012647283e-07
-4.529902503619477022e-07
-4.671098541369590915e-07
-5.021148795766652230e-07
-4.790004242102919605e-07
-4.971752855458700701e-07
-4.554762730035978049e-07
-5.126862589276390364e-07
-5.646045481260796305e-07
-3.872385068170653969e-07
-4.430067317515996456e-07
-5.481429431900590711e-07
-4.634343077636522096e-07
-4.694957488627474167e-07
-4.704060063993529586e-07
-5.048680803876730739e-07
-4.340792312724407322e-07
-4.591712356555042741e-07
-4.410730230826698059e-07
-4.668726943689015655e-07
-4.617038691857493664e-07
-4.628554124625751051e-07
-5.057171076110561251e-07
-4.418576266314710875e-07
-5.059614647171726080e-07
-4.962779259649938107e-07
-4.658692018311731970e-07
-4.739737944320885531e-07
-5.434999346785596178e-07
-5.155077029123686918e-07
-5.064905414470225195e-07
-4.653041022477155479e-07
5.313172890910172191e-07
-4.424351448407824236e-07
-3.975709418768150539e-07
-5.422569845057740711e-07
-5.196434735836858628e-07
-4.582007905516781905e-07
-4.475931324821430970e-07
-5.015174242444972047e-07
-4.991426135009810353e-07
-4.936951978795187531e-07
-4.783721339117273879e-07
-4.849678102439457313e-07
-5.033855718482513884e-07
-4.983417483911009353e-07
-5.123756653075154016e-07
-4.487934374249554876e-07
-5.198889980969280946e-07
-4.991940105381430068e-07
-4.234468579295636858e-07
-4.757691968991710807e-07
-4.873948149415745476e-07
-4.795853293171887107e-07
-4.497281539073557895e-07
-4.644629050656670440e-07
-5.650901392382154311e-07
-4.599616119134507244e-07
-5.209017836170143427e-07
-5.170165607384221694e-07
-4.354105466146663736e-07
-4.486281734833510442e-07
-4.615128264323034236e-07
-4.982175141897285564e-07
-5.128205611400776822e-07
-4.785939328184442838e-07
-4.491302956643310213e-07
-4.614873264078838186e-07
-5.101316878163765561e-07
-5.085841940774481784e-07
-4.833879466769051123e-07
4.895424803938564218e-07
-3.903532349109339366e-07
-4.824925246382212454e-07
-4.531565403238162602e-07
-4.612231408417157030e-07
-4.061810754365176717e-07
-4.805205726248030286e-07
-4.152249321169537356e-07
-4.547615402146330716e-07
-4.051784190732587296e-07
-3.852079575132316030e-07
-4.852899540497898855e-07
-4.696505922742777951e-07
-4.800320005156335235e-07
-4.936901084446062609e-07
-5.332145296214988967e-07
-4.873947368685632010e-07
-4.821365060884212195e-07
-4.985884682699807086e-07
-5.053963629112028904e-07
-4.817400074433005660e-07
-4.774504220236018577e-07
-4.599486550230275211e-07
-4.701817332351118140e-07
-5.074367832724174689e-07
-3.362798569148718670e-07
-4.094335952901769693e-07
-4.682472059947596224e-07
-4.516393206262040013e-07
-5.571293629465154069e-07
-3.587905199738829888e-07
-4.791912947625282557e-07
-4.500036102209177323e-07
-5.113155174737283144e-07
-4.344445648406771331e-07
-4.257107725064621349e-07
-3.997674544598286848e-07
-5.067593415171914995e-07
-4.523270393653419136e-07
-4.914811808074930224e-07
-3.490842215294191620e-07
-3.871059668485723846e-07
-5.019990982618252217e-07
-4.896444402677922141e-07
4.766289620095316555e-07
-4.993309146966665388e-07
-4.751510107150038314e-07
-4.411640337766859937e-07
-4.799358013509616528e-07
-4.824306524559684718e-07
-4.797097340990837834e-07
-5.065581396188645357e-07
-4.840050707014875020e-07
-4.849644040511034669e-07
-4.515453131759569417e-07
-4.827257461370954152e-07
-4.526362256360595126e-07
-4.847366629896436490e-07
-4.904964158371433316e-07
-5.064492224587769420e-07
-4.285196180005084504e-07
-4.367343549080232754e-07
-4.817038502184527305e-07
-5.157869278993549249e-07
-4.701475217453283961e-07
-4.856305682935913445e-07
-5.188146465962396109e-07
-4.248432811393604000e-07
-4.859881632944182031e-07
-4.771593050923455826e-07
-4.670167781382457504e-07
-4.696465305910236305e-07
-5.002277024702949289e-07
-4.812942455085320426e-07
-5.027153157377528227e-07
-4.709854214168414010e-07
-4.285132230041233120e-07
-4.700070646961748459e-07
-5.268656491563427986e-07
-4.922495804914188590e-07
-4.694469463990527303e-07
-4.791212717581145747e-07
-4.793168815070973918e-07
-4.562913215880887739e-07
-4.615246421933735688e-07
-4.704970340528171351e-07
-4.430032651859445585e-07
-4.827035993236880096e-07
-4.862307255036163195e-07
-4.763550251718565968e-07
-4.034757218238474317e-07
-4.520116219442789863e-07
-4.691957326568447969e-07
-5.056701072016958746e-07
-4.966668139141427784e-07
-4.884908810322783295e-07
-4.590314339839071834e-07
-4.746806305703903672e-07
-4.512625356575589988e-07
-6.253899227073733595e-07
-4.799925511311324938e-07
-4.400716393279785279e-07
-5.602274522369549288e-07
-4.946955141779558340e-07
-4.788957643530833215e-07
-4.790285574542700449e-07
-4.850989150024410474e-07
-5.811132398001091124e-07
-4.907132874870537289e-07
-4.763670020005911237e-07
-6.099923047301236778e-07
-4.520969869359020597e-07
-4.466209161698009883e-07
-4.474342932832839081e-07
-4.788783707805705870e-07
-4.874539840307259482e-07
-4.886833404210524532e-07
-4.615086958863727958e-07
-4.535158606087520089e-07
-4.630944141123665144e-07
-4.662359195434643766e-07
-4.490233092624272904e-07
-4.585788734261272498e-07
-5.430557995647441839e-07
-3.878042801658037145e-07
-5.228984517863035400e-07
-5.015987297012693107e-07
-4.896594533077773950e-07
-1.813826828573355561e-07
-4.895637637399985713e-07
-4.622852128647194598e-07
-4.527538087514459911e-07
-4.304178999049804440e-07
-4.688805488270980564e-07
-4.870743594530711635e-07
-6.392771755060311018e-07
-4.556007321261781423e-07
-5.288656378040420009e-07
-4.529265818499129174e-07
-4.450746722104795427e-07
-4.901178305709085317e-07
-4.211288373745352875e-07
-4.424562433340264729e-07
-4.805861048786902673e-07
-5.455458023378380620e-07
-4.518361288051848987e-07
-4.436841205858069569e-07
-4.954516623274044391e-07
-5.054386456448086616e-07
-4.910980171764585127e-07
-4.693677984542970485e-07
-4.766285550185649502e-07
-4.420183464796821355e-07
-5.186062633613475968e-07
-4.593336305028991938e-07
-4.498596829489494775e-07
-4.770080856152432774e-07
-5.584482314186675968e-07
-4.556689864946239145e-07
-4.517127358267144611e-07
-5.295830030822183606e-07
-4.554403416400919192e-07
-4.600620742431908463e-07
-4.586351379711923844e-07
-4.197503388355272671e-07
-4.376768721178070044e-07
-4.643970921832914071e-07
-5.398493711069471754e-07
-5.223306998778294113e-07
-4.245710710974513160e-07
-4.392029259500237211e-07
-4.759002596314649213e-07
-4.084928367366803214e-07
-5.120381750474937942e-07
-4.639875904285775554e-07
-4.425343065025991048e-07
-4.709981453261426942e-07
-5.282565876661294215e-07
-4.792128737523092597e-07
-3.308822491360943333e-07
-4.753601962429114328e-07
-5.080861660981207806e-07
-4.881376185220721623e-07
-4.851773509694343199e-07
-6.491158777523619320e-07
-4.915589067460534821e-07
-4.544051296544583818e-07
-4.782629024530362479e-07
-5.105760231456684740e-07
-4.719615361714541449e-07
-4.538505158982770307e-07
-4.201813045571896149e-07
-4.594022141472992763e-07
-4.936866797453247175e-07
-4.113060710779268029e-07
-5.061322517008093380e-07
-4.333880426739539236e-07
4.529664067979334100e-07
-4.682518468104897227e-07
-4.792397152041289784e-07
-3.260952208024184647e-07
-4.661665886706201866e-07
-4.622307454291228587e-07
-4.572386520516395925e-07
-4.747335229715420071e-07
-5.401126997975428574e-07
-4.697376362031993630e-07
-4.631727341794643139e-07
-5.209908542607745870e-07
-4.816324055625371271e-07
-4.569179448298293881e-07
-4.926755570846761020e-07
-4.942423391074480601e-07
-4.664634434614627076e-07
-4.972570388414695249e-07
-3.900540680671835449e-07
-4.637443735571894196e-07
-4.887660530703578167e-07
-4.395287989079638385e-07
-5.531238227648570531e-07
-4.664817768210053875e-07
-5.030972456943605099e-07
-4.735894959889856260e-07
-4.923227417833571867e-07
-4.724853325106919650e-07
-4.631457988229496486e-07
-4.394619050988063081e-07
-5.244163848789884751e-07
-4.889096570526745190e-07
-4.542646220355273976e-07
-4.614823180190413186e-07
-4.526491910328133122e-07
-4.594887508011264207e-07
-4.585360010558173810e-07
-5.193001842551655821e-07
-4.508234041709202069e-07
-4.626311091745937202e-07
-3.336061566791999992e-07
-4.174586150842831523e-07
-5.178966522224120883e-07
-4.725940316525624244e-07
-4.650739739417885451e-07
-4.717981533293697671e-07
-4.027099153030259246e-07
-5.179117566443771654e-07
-3.779761151777728293e-07
-4.885771730711595161e-07
-5.475023799851898440e-07
-4.843099621236584407e-07
-4.416703614759180573e-07
-5.228166367598368267e-07
-4.209138254626937923e-07
-4.762514650579249438e-07
-4.833217190233167042e-07
-4.374560449380477464e-07
-4.726653830479217796e-07
-4.560726485161171898e-07
-4.312486617668508103e-07
-5.359782926478286492e-07
-4.700071946587661603e-07
-2.009316394665678473e-06
-4.589581977153788803e-07
-4.809058537128928669e-07
-4.929838987317778256e-07
-4.329034795444413183e-07
-4.936160958037170239e-07
-5.531914395190505912e-07
-4.814023669279081453e-07
-4.588596363102378049e-07
-4.563206235117513490e-07
-5.095167169174470322e-07
-4.266407458187768976e-07
-4.980182079127714021e-07
-4.907716223704604482e-07
-4.856517436042279163e-07
-4.816324907869792494e-07
-4.510209394060592731e-07
-5.145095509648711401e-07
-4.767983798327607372e-07
-4.342695778053502816e-07
-4.728136394364357132e-07
4.711934358224786193e-07
-4.659588223534362894e-07
-5.012102555525587648e-07
-4.738312587286124596e-07
-3.959246817305163665e-07
-5.081318239367544688e-07
-4.806368402202244566e-07
4.338501386201438513e-07
-5.066410845698785827e-07
-5.322614419521073470e-07
-4.160306840925299255e-07
-4.697853849330682651e-07
-4.583336656983898441e-07
-4.172741439563859834e-07
-4.824687235939058115e-07
-4.832012751450132633e-07
-5.667389109501500182e-07
4.486223395802672436e-07
-5.018442559186892105e-07
-4.661941775508837912e-07
-4.982511056543826517e-07
-5.125331083814598012e-07
-4.994377715771370606e-07
-4.822704110319625222e-07
-4.240755980975854906e-07
-4.797261930675050078e-07
-5.236092986768498497e-07
-3.834058734909037429e-07
-4.796525522380946913e-07
-4.796765353913592335e-07
-4.613417218713662151e-07
-5.030051926658143559e-07
-4.764360179931994946e-07
-4.523837384208061125e-07
3.908925938237451107e-07
-4.630268553692087554e-07
-4.905036722838389249e-07
-5.059423154304962067e-07
-4.921195532419760398e-07
-4.728991409701478725e-07
-3.517998476088363648e-07
-4.623876396052531216e-07
-4.470215518837439938e-07
-4.870290314785889872e-07
-4.730675157076222551e-07
-4.725241657241589262e-07
-4.409683064161076419e-07
-4.919989535659442420e-07
-5.042022206854927343e-07
-4.376768549895661016e-07
-5.072846821777753979e-07
-4.799998560032467473e-07
-5.093995664610000730e-07
-5.218804463470880970e-07
-4.774747428508838199e-07
-4.316801332634872446e-07
-4.935913864187189979e-07
-4.735934327082746599e-07
-5.343441304289535834e-07
-4.259019329382936427e-07
-4.356153649240102397e-07
-4.455179321923545625e-07
-4.451466175279027454e-07
-4.287399144269828687e-07
-4.879251843714585722e-07
-5.401676300029929160e-07
-4.765043901947595578e-07
-4.495445027403672659e-07
-4.468579305946262092e-07
-4.793797942109516388e-07
-4.753623925784641952e-07
-4.917889367869220797e-07
-4.602412300883597892e-07
-4.486270421792699485e-07
-4.802551574799048815e-07
-4.645538980491101953e-07
-4.432223198330922299e-07
-4.301625264601777401e-07
-4.615588170473873196e-07
-4.665302180310914355e-07
-4.623945612727679302e-07
-4.654640480641955752e-07
4.581788494939818304e-07
-4.543053098018326486e-07
-4.879298564455568097e-07
-4.245525771932904875e-07
-4.652950373245860565e-07
-5.012056957454726119e-07
-5.190604335551669660e-07
-4.253258278009578630e-07
-4.916385804816638671e-07
-4.474495024357151707e-07
-4.301779955453588121e-07
-4.469182992348044199e-07
-4.572394395619912330e-07
-3.686367812166382786e-07
-4.598652321993648908e-07
-4.994043851454336082e-07
-4.510621138960151741e-07
-4.598282253057326004e-07
-4.961388577615550713e-07
-5.278827159313466478e-07
-4.268113927197865909e-07
-5.142301878485382402e-07
-4.609334432769495795e-07
-5.073680364229464128e-07
-5.166763798871359724e-07
-4.771338623374393627e-07
-5.035519006667190511e-07
-5.167012643837023190e-07
-4.704118775403896241e-07
-5.944720428054182164e-07
-5.101222121956742407e-07
-5.366387061812979634e-07
-4.678396150770873225e-07
-4.787642637432030523e-07
-4.272973521870321781e-07
-4.905830943001767138e-07
-3.626891543732231269e-07
-4.712383249150411017e-07
-4.408932140157772441e-07
-4.544384328752986101e-07
-4.774313661632746396e-07
-4.620505779082793190e-07
-4.606049529175402332e-07
-5.285970613025238933e-07
-5.102970233259458062e-07
5.063293860116815417e-07
-4.793737005213296268e-07
-4.975005655548827467e-07
-4.402612621951340223e-07
-4.706119015385472178e-07
-5.080785193067245617e-07
-4.765321396386727648e-07
-5.154627479605798812e-07
-3.773390087184606159e-07
-5.108863394374075477e-07
-5.098414740688201213e-07
-4.992543730121279317e-07
-4.521467294760172450e-07
-6.346914637236813266e-07
-4.476550211086679387e-07
-4.388380127344209946e-07
-5.322826690805570614e-07
-4.226220976440014711e-07
-4.985819851532953437e-07
-4.855486772388754890e-07
-4.941506119158992213e-07
-4.570707994150797500e-07
-4.325808911861465305e-07
-4.746624728079149115e-07
-4.785046128111163723e-07
-4.367578418921294625e-07
-4.897781012283539705e-07
-4.622667677459744997e-07
-4.843536354313104705e-07
-4.842095747697544879e-07
-3.906419126992165494e-07
-4.973838521624403469e-07
-5.899364574998912766e-07
-4.919663538021419311e-07
-4.639224514335223000e-07
-5.182792777414839374e-07
-4.177227363305877838e-07
-5.146084332848187531e-07
-4.601529564313182595e-07
-4.962051898944867896e-07
-4.279726801625837597e-07
-5.921718787375427928e-07
-4.728940772433191747e-07
-4.593859884745271712e-07
-4.873606549493582144e-07
-4.625685105072285681e-07
-5.130794821310363273e-07
-4.626128579615833789e-07
-5.104397371195890437e-07
-4.477266267542807115e-07
-2.709130223855611778e-07
-4.685411886622170884e-07
-5.301556816431975194e-07
-4.860595191631991101e-07
-4.781974740506975451e-07
-3.279822061168190894e-07
-4.736325641825214885e-07
-4.368378273955835421e-07
4.710081437914817942e-07
-4.973090638977321440e-07
-4.419926427220346584e-07
-4.775578470111304047e-07
-5.016419248917825732e-07
-4.760228019905592852e-07
-4.780985671825458864e-07
-4.938900626342859027e-07
-4.734224699722636150e-07
-5.119828403271399412e-07
-4.730235617798413540e-07
-4.328776043557597534e-07
-4.608410920054950534e-07
-4.770521737359395946e-07
-5.025961735858407575e-07
-5.038512595475234367e-07
-4.944133578269031492e-07
-5.014276584572048123e-07
-5.067675281928950352e-07
-4.944423798662225578e-07
-5.135897973740732414e-07
-4.496195151006951838e-07
-4.820962210933230846e-07
-4.525137315974815843e-07
-4.630056954998256874e-07
-4.532050243715850111e-07
-4.118914588176561101e-07
-4.772309726070998250e-07
-5.025041670883323359e-07
-4.843844461180290464e-07
-4.538142716907156573e-07
-5.166319086716002219e-07
-5.026908197440537684e-07
-4.961978400249735051e-07
-4.909369688697906980e-07
-5.172811574359909912e-07
-5.506142837750121748e-07
-5.116578200423101397e-07
-4.451099604715194790e-07
-4.864622176849828109e-07
-4.743998473870865267e-07
-4.381841969876983301e-07
-5.142984678446743217e-07
-4.494025909362589339e-07
-4.640294860870803818e-07
-5.081503020844377410e-07
-4.623651201940214826e-07
4.801696711060168294e-07
-4.836795451528205639e-07
-4.719054140482366030e-07
-4.652028362996937305e-07
-5.015650503086954941e-07
-4.530999233034045938e-07
-4.478020939784451808e-07
-4.943077545831611565e-07
-4.391694860743124994e-07
-4.647388148577086364e-07
-4.334206574674317705e-07
-4.450256378852607725e-07
-4.721236458470840957e-07
-4.533071421388990926e-07
-4.822812704618641458e-07
-5.285897720875802063e-07
-4.288878529405858449e-07
-4.765295244547011694e-07
-5.007618828382178123e-07
-5.025274466372056152e-07
-3.931135482188689828e-07
-4.556483649720899256e-07
-5.039977069199655577e-07
-4.689989401624298939e-07
-4.918777475316902715e-07
-4.257989423976576576e-07
-4.992784536351894856e-07
-4.445029717653085291e-07
-4.756092610850786639e-07
-4.612893910138850780e-07
-4.649884632369730509e-07
-4.553619973205587856e-07
-4.876683196549524129e-07
-4.591304373783332542e-07
-3.746798342001175134e-07
-4.225639330119540367e-07
-4.517414602735236636e-07
-4.825001966623144462e-07
-4.652356129924080670e-07
-4.694927465244856191e-07
-4.974393615285422569e-07
-5.134704518077383472e-07
-4.779547130979533899e-07
-4.321470744292942860e-07
-5.293230230006688766e-07
-4.163781734849053620e-07
-4.228914855121558085e-07
-4.645467117242686980e-07
-5.045849346511209900e-07
-4.667368019858090239e-07
-4.760329171190116778e-07
-4.845226400396536834e-07
-4.984523372400926275e-07
-4.598355536885757762e-07
-5.561700754918494180e-07
-4.665413484526000516e-07
-5.074791239281511589e-07
-4.950984125110404837e-07
-4.285317518694829058e-07
-4.998152236261914674e-07
-5.078686418097483580e-07
-4.633098979208346975e-07
-4.921445935996518895e-07
-4.840217199947764088e-07
-4.880779436260405324e-07
-4.670498471579588507e-07
4.746546919476696216e-07
-5.058160838135472908e-07
-5.708567439235034078e-07
-4.560321728996146669e-07
-5.012372402060239833e-07
-5.192336448121966079e-07
-4.614540429438549450e-07
-5.788310958706443123e-07
-4.770185493397196067e-07
-4.759392503609950573e-07
-4.626717057587923807e-07
-4.858371528106635298e-07
-4.314872019043190219e-07
-4.152986003040977687e-07
-4.760555686852755477e-07
-4.911970123906283200e-07
-4.630519389259840905e-07
1.941459866331403188e-11
-4.926922133848837052e-07
-3.715194420096948430e-07
-5.134142859094851850e-07
-5.056182154804221395e-07
-4.498466348843481240e-07
-4.890744780531685387e-07
-4.540093951630479687e-07
-4.903627867305171063e-07
-4.905516404233068614e-07
-4.419153975407389061e-07
-4.977708660279812118e-07
-4.779252071019488553e-07
-4.878800350510896589e-07
-5.050223994272828840e-07
-5.274469304320972439e-07
-4.624101085457037729e-07
-4.845172692469563136e-07
-4.578829769031740961e-07
-5.072574267237471272e-07
-4.944383657780851244e-07
-4.699575412985121267e-07
-4.264211393744051644e-07
-5.144587604871366062e-07
-4.985752575799021635e-07
-4.609006147258778626e-07
-4.547734119787143574e-07
-4.765077096087048462e-07
-4.160667709102698087e-07
-5.425993651673834786e-07
-3.367819334162927645e-07
-4.772192176473010956e-07
-4.632473646292690243e-07
-4.651478361437445529e-07
-5.020050044664544421e-07
-4.032568120042319374e-07
-4.421157927536310209e-07
-4.808499003735822691e-07
-4.778988535773462127e-07
-5.210341837381279965e-07
-4.356526514251424540e-07
-4.734993711012019012e-07
-4.299614627673785276e-07
-5.512986978497004177e-07
-5.006486393223510532e-07
-6.770648230399325491e-07
-4.806465709121657090e-07
-5.096043576945812969e-07
-4.498864998402717379e-07
-4.212174825200553404e-07
-4.301845071246429583e-07
-5.270528817190990693e-07
-5.612314652904163871e-07
-4.396951424432454656e-07
-3.856703892971682946e-07
-4.562485850776089452e-07
-4.412177699562858870e-07
-4.477914969595902739e-07
-4.932470811834732645e-07
-4.975597299037490421e-07
-3.446365305414244194e-07
-4.982210233755058809e-07
-4.740844106668032126e-07
-4.172838930140313408e-07
-4.992207017005731632e-07
-5.058421186652435720e-07
-5.393984589376576284e-07
-5.031873430035131135e-07
-4.102109222843244242e-07
-4.039384563290836954e-07
-4.872589954538889485e-07
-4.763972919140754174e-07
-4.804942811678803433e-07
-4.774938778533341357e-07
-4.584574063852264062e-07
-4.964011478200084171e-07
-4.670559067161492309e-07
-5.331036976012978827e-07
-4.637872481971125826e-07
-4.604479366024864895e-07
-5.105090628681204368e-07
-4.596617286128444272e-07
-4.606304531622972482e-07
-4.757796296408582658e-07
-4.542092238163836185e-07
-4.687007578559811105e-07
-4.405066164414429450e-07
-5.008568934210249843e-07
-4.164811009650882712e-07
-4.200941582682509870e-07
-4.903677412504798989e-07
-4.206443514342199994e-07
-4.800125352039339873e-07
-4.777996495276500698e-07
-4.870299684123172461e-07
-4.607430098314392739e-07
-5.361313411510108514e-07
-4.609901338556142976e-07
-4.870981236351932180e-07
-4.790401216877038750e-07
-4.913397825520120676e-07
-4.775775679285845723e-07
-4.172006548320472870e-07
-5.059286859588819265e-07
-4.381521392700830920e-07
-5.130074620517145022e-07
-5.126543631220250743e-07
-4.712835580488116613e-07
-3.822787542778577622e-07
-5.019306473140970881e-07
-4.827044793973182702e-07
-4.174144382191340760e-07
-4.942676355362576065e-07
-4.493817020088470981e-07
-4.824484236707248714e-07
-5.722085693086523047e-07
-5.283412841404942089e-07
-4.656083118605673286e-07
-4.974690999204131397e-07
-4.887531844823035131e-07
-4.472663663380088223e-07
-5.084843873815381460e-07
-4.692613274998265758e-07
-4.745360252639214834e-07
-4.633144402961799428e-07
4.784971497095053801e-07
-4.008220337008428176e-07
-4.456540560000919753e-07
-5.086901803094122968e-07
-4.871495218015579990e-07
-4.777674123143862888e-07
-3.575231942270062397e-07
-4.586637380336087977e-07
-4.730386116281607420e-07
-4.866507134940138338e-07
-4.966071222035183404e-07
-4.651455371801916643e-07
-4.464659799511805440e-07
-4.851334654792042046e-07
-3.824817770082695910e-07
-4.647496800498216638e-07
-4.790274138213934795e-07
-4.459801241693249570e-07
-5.046104334914159574e-07
-5.348184675165675080e-07
-4.824990097793473297e-07
-4.892357721572576697e-07
-4.668488657833135574e-07
-4.553292480236657433e-07
-3.918820879153470935e-07
-4.659613317887444632e-07
-4.400122431422769887e-07
-4.379447075727167655e-07
-4.844831789878173886e-07
-4.684384329837741422e-07
-4.733567699856137088e-07
-5.049697400727160426e-07
-4.817471942137151689e-07
-3.821377444418408947e-07
-4.925821822142937323e-07
-4.550273072197692005e-07
-4.414123202215270463e-07
-4.829137858364255469e-07
-5.154057651106313149e-07
-4.733542398385950811e-07
-4.415613604629373355e-07
-5.141963905478504474e-07
-5.019026693146506722e-07
-5.643378487903333147e-07
-4.501969415567475190e-07
-4.513213886069986329e-07
-4.622433506909559741e-07
-4.308674569410414044e-07
-4.798646511975123541e-07
-4.992259566431448630e-07
-5.068273952946848994e-07
-4.165046565008593225e-07
-4.957275660222623728e-07
-4.970472040327378128e-07
-4.712345136610222664e-07
-4.673117304281196172e-07
-4.868071737413670876e-07
-4.543189233158562222e-07
-4.672190058826285155e-07
-4.834548198822678392e-07
-5.436336192399929720e-07
-4.688154987817007794e-07
-4.640015745735512785e-07
-4.460992007218934782e-07
-4.758807785591558433e-07
-4.610640988957904037e-07
-4.676171182789735062e-07
-4.754430023851855974e-07
-4.260645745699931537e-07
-4.457273333063941262e-07
-4.656043641151010722e-07
-4.250868943754073441e-07
-4.587824554910429405e-07
-4.763976326858223980e-07
-4.979153438921640229e-07
-4.863246031517678675e-07
-4.698228992740900037e-07
-4.848022219557910347e-07
-4.290034044558233722e-07
-5.456446789859935560e-07
-5.610061348705145244e-07
-4.391556226210654916e-07
-4.934023592670958441e-07
-4.255968259734573492e-07
-5.017998586060227663e-07
-4.553117154130396748e-07
-4.931278635185571169e-07
-4.796737318974572831e-07
-4.550964689466489365e-07
-4.868973372465216606e-07
-4.591015623080315019e-07
-5.022731481346062884e-07
-4.600268657653068481e-07
-3.047864147693696411e-07
-4.698232182814513478e-07
-4.707282984445254324e-07
-4.491721148640027066e-07
-4.900877993759980043e-07
-4.839190965973447450e-07
-4.899821549754567236e-07
-5.221320266062682473e-07
-4.907855265495322512e-07
-4.545751313883734517e-07
-4.345374508069752105e-07
-4.691448009454800652e-07
-4.406572949781771072e-07
-4.735303189556406445e-07
-4.947311744277287758e-07
-4.470362730111039050e-07
-4.941112254399258498e-07
-4.779455447020275214e-07
-4.607090042710634480e-07
-4.763133966803616840e-07
-4.337593133310796990e-07
-4.353887627142439549e-07
-5.228140523633975051e-07
-4.378303534774646443e-07
-4.889481635774615363e-07
-4.928654774424770908e-07
-4.456406227088614309e-07
-4.071773780573331077e-07
-4.803099431209531774e-07
-4.634913190087238538e-07
-4.770265584289110530e-07
-4.286580139397302413e-07
-4.892939005447394037e-07
-4.308351307665999969e-07
-5.035707830636201519e-07
-4.694319675182334750e-07
-2.825903503661027709e-07
-5.761878841176959430e-07
-4.230287963515994293e-07
-4.159216528217502234e-07
-4.637487060291051882e-07
-4.924838199744646170e-07
-4.701968384341337467e-07
-5.286870532439121980e-07
-4.863434151247086072e-07
-4.741508027895316308e-07
-3.277173221953970533e-07
-4.953765446292586487e-07
-5.073260174213331750e-07
-4.612774097010891537e-07
-4.912600045574874738e-07
-5.032256970612087665e-07
-5.657792947672403339e-07
-4.461227672536529685e-07
-4.851555053473747608e-07
-4.526952232991929015e-07
-5.283921334132164904e-07
-4.241199599096638063e-07
-4.642105434307735443e-07
-4.735775614615812637e-07
-4.508270151809613818e-07
4.296104044837367872e-07
-4.387964625742421904e-07
-4.518808586743134888e-07
-4.873407081558693576e-07
-4.771857393123426598e-07
-4.569582584471150936e-07
-4.887319937708690015e-07
-5.557465473999706563e-07
-4.309239846716029968e-07
-4.779970136973788314e-07
-4.694122455967696087e-07
-4.101215840234736101e-07
-4.857961560105475732e-07
-5.142451158140905161e-07
-4.341876894285847813e-07
-4.384170920522790493e-07
-5.607846197426812372e-07
-4.640782292898154911e-07
-4.562899607424027049e-07
-4.511210276195375782e-07
-4.492396700272441120e-07
-4.328532433129748884e-07
-4.204972034323762845e-07
-3.114738938389453271e-07
-4.791813572790641423e-07
-4.447063042084673049e-07
-4.833928239509200685e-07
-4.835063304103299651e-07
-4.494145304872124185e-07
-3.648975561825136503e-07
-4.277785255391746199e-07
-4.777808035647031367e-07
-4.732824987908111047e-07
-4.726422099895562943e-07
-3.767276279678708599e-07
-4.527504975907582890e-07
-4.768850791065192838e-07
-4.808184688346844657e-07
-4.741230928675367092e-07
-4.816107727590749058e-07
-5.060358120574387852e-07
-4.419817393563220377e-07
-5.101155827006616097e-07
-4.770312581376870465e-07
-4.395615832564241618e-07
-4.599420041727232972e-07
-4.532937510296052366e-07
-4.764732387204155216e-07
-5.228348341810840400e-07
-5.386049996632672906e-07
-4.871075313056020388e-07
-4.611263347794480196e-07
-4.777170663618119928e-07
-4.386295721533232206e-07
-5.022663469481598306e-07
-5.250503528981575923e-07
-3.819168066475163770e-07
-4.538376378206056225e-07
-4.814581187513774903e-07
-4.570214879994368786e-07
-5.127596551949796386e-07
-5.078328719936333339e-07
-4.702197711005408001e-07
-4.513174873642771436e-07
-5.002348875823177004e-07
-4.327430718955795474e-07
-4.579697155148973419e-07
-3.992831324676113066e-07
-4.493659789078851986e-07
-4.424075594828427027e-07
-4.318644032145362810e-07
-4.717411602824356587e-07
-4.907407734945327852e-07
-4.925905662720017950e-07
-4.780611657301286079e-07
-4.638983868720269704e-07
-5.019230926117140954e-07
-4.146371116654670556e-07
-4.668136021327488291e-07
-3.996012602970873527e-07
-5.369075069843742713e-07
-4.419653498700428581e-07
-4.650264971167840596e-07
-4.854996891707907305e-07
-4.452570115166165795e-07
-4.975442022726903358e-07
-5.041763169980314287e-07
-4.757480206478623869e-07
-5.087630201607281090e-07
-4.242760028199584267e-07
-5.505897824853870016e-07
-4.317227621875324767e-07
-4.931315076386738899e-07
-5.234285854424135386e-07
-4.583081310278613246e-07
4.870652217317745356e-07
-4.881039282617453482e-07
-4.946621947145684044e-07
-4.751757219514691845e-07
-4.846760780825783374e-07
-4.496199276334866490e-07
-4.669269129847206223e-07
-4.824293436964066251e-07
-5.138678005476486708e-07
-4.265463303012145438e-07
-4.859712431345309202e-07
-5.152968344949755795e-07
-4.599219841162930730e-07
-4.764253755159207172e-07
-4.706723596174750537e-07
-4.663494474865226449e-07
-4.647302788800986872e-07
-4.625497991005404631e-07
-4.700080398308139520e-07
-4.878792708323875333e-07
-4.961869401684517340e-07
-4.502103818478736391e-07
-4.700994907187275831e-07
-4.750923366772544620e-07
-5.123470778148507145e-07
-4.677824543707293062e-07
-4.851373741684111853e-07
-4.592975799247727800e-07
-4.575228440109061613e-07
-4.846438013177141718e-07
-4.407649240931629358e-07
-9.245672392527459129e-08
-3.174715806224500599e-07
-4.854061745940837049e-07
-4.456926531462276962e-07
-4.385654021407966082e-07
-4.670257678190309556e-07
-4.776843928328913322e-07
-5.037324646054908775e-07
-4.987805297701760199e-07
-4.777620089334713255e-07
-5.137813791781782096e-07
-4.642140172555968628e-07
-4.492946034017503639e-07
-4.307204031828867624e-07
-5.026814204977069394e-07
-4.617766050755483669e-07
-4.895894576027712183e-07
-4.561750158238752468e-07
-5.048796349899967044e-07
-4.665194717092573851e-07
-4.540141279965820824e-07
-4.900209747558976310e-07
-5.933548230600684282e-07
-5.123981784662369151e-07
-4.717679177942292934e-07
-5.051713796975446446e-07
-4.906159464000900239e-07
-4.646773663046566051e-07
-5.211349501615578943e-07
-4.923898453352559027e-07
-4.983793262817203361e-07
-4.955129470895343648e-07
-5.185935695209134733e-07
-4.764001906011783044e-07
-4.712923543994616870e-07
-4.442797105962501676e-07
-5.046695358975693013e-07
-4.717321759234430000e-07
-4.787211901463517986e-07
-4.413208226614963635e-07
-5.185263058435175637e-07
-4.347159973199759094e-07
-4.675064781978869252e-07
-4.769666498818145381e-07
-4.642793230163431879e-07
-4.994746572572169241e-07
-4.765461974270635144e-07
-4.656681659521964560e-07
-4.987274383559750097e-07
-3.752948309078128737e-07
-4.414892052128966948e-07
-5.130784428358531171e-07
-4.603478180876212592e-07
-4.274559167169957603e-07
-4.916077113846306744e-07
-5.193552379642343487e-07
-4.518639157746177562e-07
-4.336254684182191002e-07
-4.767942365347511003e-07
-4.816667793293811098e-07
-4.659255542699453333e-07
-5.012021125216507459e-07
-4.675885214990581560e-07
-4.765097052188649080e-07
-3.569231868459636862e-07
-4.498919679567483330e-07
-5.068149558464949734e-07
-5.317346499402965030e-07
-5.297675141680533419e-07
-4.725585481947222516e-07
-5.187479847761134219e-07
-4.935032671245609704e-07
-4.583015976058711170e-07
-4.584467708960058661e-07
-5.634091260708737281e-07
-4.371164930315267480e-07
-3.997962335317035056e-07
-4.832205588756180008e-07
-4.494978423455025177e-07
-4.333484669427988033e-07
-4.638031878358835361e-07
-4.893297186740600689e-07
-5.002466002495631677e-07
-4.834757038010985248e-07
-4.977896689246090149e-07
-4.876363457270418569e-07
-4.629065527633203039e-07
-4.979092071864907924e-07
-4.789843442187337119e-07
-4.565301042705014333e-07
-4.465031494543418249e-07
-4.093797313064810915e-07
-4.643607272491865586e-07
-4.599489139780832513e-07
-3.756641164851020872e-07
-4.851735196458598723e-07
-4.587682621348779463e-07
-5.058312078393985414e-07
-5.115132968353842830e-07
-4.929355496580385814e-07
-4.434418457607622989e-07
-4.959152532204010916e-07
-4.525963616146702611e-07
-4.417386850529503900e-07
-4.869232206343497531e-07
-4.265402931596317868e-07
-4.317557269408134742e-07
-4.734936430378017238e-07
-4.494494826023638986e-07
-4.618992533401632604e-07
-4.647755032174902173e-07
-5.205062831908709965e-07
-4.684322237165425292e-07
-3.714966786217050089e-07
-4.685736958959083659e-07
-4.649385512898284340e-07
-4.951628925415863056e-07
-4.624494659255720987e-07
-4.722961689179480643e-07
-4.692502510534923611e-07
-4.568845745094011356e-07
-4.516549380749632266e-07
-5.070841107548017977e-07
-5.665736768107306149e-07
-5.015286092084686801e-07
-5.119364066829526625e-07
-4.920731261619878999e-07
-4.724528207724427339e-07
-4.498122143860773660e-07
-3.521803117436562662e-07
-4.986426005915197729e-07
-4.912068127089718630e-07
-4.802451074703496807e-07
-6.086049115794187215e-07
-4.702364694604836485e-07
-4.671968915808143031e-07
-4.221089404784751266e-07
-4.295055041727123825e-07
-4.176918701583526876e-07
-4.402263437380170418e-07
-4.831160533061306013e-07
-5.507938685498896332e-07
-4.778542058448345935e-07
-4.749329732199166628e-07
-4.426801244241300603e-07
-4.491748187994465290e-07
-5.005257908374734102e-07
-5.457704872770367524e-07
-4.823520173443719773e-07
-4.783447631547645662e-07
-3.765447350011080575e-07
-4.393105740755757723e-07
-5.108443757461703570e-07
-4.380977961643210940e-07
-4.720011883466689457e-07
-4.374415000543021903e-07
-5.004332987409189766e-07
-4.780018016056736490e-07
-5.189711255875012041e-07
-5.245350682987084585e-07
-4.294789752099392261e-07
-4.504020440336323559e-07
-4.473999660499991159e-07
-4.528534182334626549e-07
-4.713732293752060341e-07
-4.559957195953571600e-07
-4.412170975315956350e-07
-4.706243163181420819e-07
-4.628283638210618717e-07
-4.853782518836866347e-07
-4.765051195519925244e-07
-4.812624299933402397e-07
-4.480895991821878522e-07
-4.508081770988453065e-07
-4.856011031330777019e-07
-4.730425409059925897e-07
-5.238993344125409307e-07
-3.540384442613015441e-07
-4.686996432636395179e-07
-4.630922398149598547e-07
-4.275940721965614933e-07
-4.771481749629089616e-07
-4.889153414726356499e-07
-5.078191348456827625e-07
-4.523509972143069201e-07
-4.879996092552836469e-07
-5.348730145818130603e-07
-5.423764639236648097e-07
-4.277062191768408443e-07
-5.087710322224774987e-07
-4.858882109843701120e-07
-4.774086916168071168e-07
-5.763659967336847978e-07
-5.074861255771354003e-07
-4.638900343502107726e-07
-3.061906987734309275e-07
-4.514540465800368814e-07
-4.956848714580018748e-07
-4.763796369121859651e-07
-4.442849346160872533e-07
-3.846633671210398858e-07
-4.714948260449768458e-07
-4.789365557201394935e-07
-5.156492673306410874e-07
-5.474500734279564040e-07
-5.410662466237705751e-07
-4.883619789842217804e-07
-4.497020877067739364e-07
-4.869445732637814751e-07
-4.959177230826930822e-07
-5.050808973334611930e-07
-4.547896020160851526e-07
-5.061210890825794272e-07
-4.419604731621312020e-07
-4.503640688138999338e-07
-4.600598092171812067e-07
-4.745151043988927140e-07
5.008809340012248319e-07
-4.831128667765197406e-07
-4.267649635695597189e-07
-4.606685623021492849e-07
-4.827815353084928889e-07
-4.710222374507822063e-07
-4.828138645570221616e-07
5.820922436730517745e-07
-4.515966290456703701e-07
-1.100863686930661677e-06
-5.103339842634047378e-07
-4.714329300247993457e-07
-4.857449785031329774e-07
-4.858043131055893777e-07
-4.188868148390348893e-07
-5.028708782787847061e-07
-4.424586715860090534e-07
-4.883601914411362064e-07
-4.742654110172804257e-07
-5.054381606595231468e-07
-4.205689958191862301e-07
-4.370301596376506222e-07
-4.581942648126262685e-07
-4.449288284841304538e-07
-4.956688449950994213e-07
-4.500316649821383169e-07
4.912616479613427553e-07
-4.818147824033766045e-07
-4.883790924292087714e-07
-4.645329127420301570e-07
-4.572365348551485390e-07
-4.635774056476355509e-07
-4.278098457469009317e-07
-4.840765030775867865e-07
-4.785034953284656414e-07
-4.538839737549839158e-07
-4.871133478741714499e-07
-5.170660713133507849e-07
-4.769843802443098521e-07
4.070550964255464859e-07
-4.811431480411759293e-07
-4.415022284874128391e-07
-4.867542268179892643e-07
-4.573047712746104580e-07
-4.854234827533251562e-07
-5.025181005832546774e-07
-4.829296646453267641e-07
-4.863345707823443484e-07
-4.484260404143048126e-07
-4.475595365920331787e-07
-4.992376759915227910e-07
-4.703132408341884151e-07
-4.770525109081088398e-07
-4.883178109420151634e-07
-4.195380248392693498e-07
-4.412683888098461981e-07
-4.566666534689699101e-07
-4.678900819440301499e-07
-4.827393189947933528e-07
-4.489488928806350727e-07
-4.683203162272722629e-07
-4.606106956188588146e-07
-4.638130746501254770e-07
-5.285831300146669157e-07
-4.446511569953484287e-07
-5.227060406443068163e-07
-4.439369130206827600e-07
-5.106674788957065470e-07
-4.785529959932318056e-07
-5.172818033911336226e-07
-4.840027253889550723e-07
-5.273789769124434712e-07
-4.766829419192462435e-07
-5.058325760699047798e-07
-4.965707901724376565e-07
-4.606982553120226507e-07
-4.369268049977905009e-07
-4.781603286286502909e-07
-4.926518153648138880e-07
-4.375393818437063481e-07
-5.278805339456003322e-07
-3.893414950542895587e-07
-4.769679936554734693e-07
-4.895136976264348210e-07
-4.461110199804569481e-07
-4.970278382838990173e-07
-4.641742538423423724e-07
-4.846959180605854162e-07
-4.532887536019057754e-07
-4.983986499560177506e-07
-4.463082603770460942e-07
-4.535382037526764578e-07
-5.456524771348309208e-07
-5.209201006170263657e-07
-4.574640452920858425e-07
-4.841308927519481929e-07
-4.895530645188912555e-07
-4.611719277753398090e-07
-4.832383701377288753e-07
-4.397050018186801961e-07
-5.497846948852014937e-07
-4.172047465633204405e-07
-5.065395878260795414e-07
-4.415932449717568422e-07
-4.102973722061493012e-07
-4.403682564172999849e-07
-4.804389796163804046e-07
-4.246428245996791530e-07
-4.827247532615355643e-07
-4.654846145476260885e-07
-4.626480000568749550e-07
-5.350550368951159577e-07
-4.453214016175720062e-07
-4.885890090472314188e-07
-4.723188293387064767e-07
-4.671602210547594789e-07
-4.344128133486200439e-07
-4.637936747905227065e-07
-5.049557151092943657e-07
-4.736567340246713487e-07
-4.758366700984252766e-07
-4.943615543833343556e-07
-6.090478623066928336e-07
-4.433509250387429990e-07
-4.918017407491392935e-07
-4.663751367302499299e-07
-4.332034339013268596e-07
-4.951187179143851497e-07
-4.768480643238446277e-07
-5.243907329874903404e-07
-4.793923476932907469e-07
-4.661439418608613087e-07
-4.716578428901122322e-07
-5.046077510208612150e-07
-4.755229912073886151e-07
-3.474597479034137875e-07
-5.042786950369058516e-07
-4.296256596243005969e-07
-5.037468402483325036e-07
-4.451381091694751962e-07
-4.562081977766425550e-07
-5.289817054933737757e-07
-4.885064322816417363e-07
-4.877475084489534783e-07
-4.102159492858341787e-07
-4.347936612887059754e-07
-4.863737038277867898e-07
-5.601837224932941803e-07
-4.524992528678533829e-07
-5.266189217808852759e-07
-5.121306975022804869e-07
-4.869389385130063022e-07
-4.839434093866121571e-07
-4.884987354854831050e-07
-4.676736223903021559e-07
-4.845357216736259922e-07
-4.904392638547623508e-07
-4.674698473867836894e-07
-4.997853175680557210e-07
-5.137856483906351701e-07
-4.222958288198287072e-07
-5.176576242720311440e-07
-4.491754626080516063e-07
-5.940677478975302507e-07
-5.370655168845806118e-07
-5.111240062528401950e-07
-4.797254831751343795e-07
-5.010894281976154720e-07
-4.660280453008414862e-07
-4.817109039862528014e-07
-5.003817704642579640e-07
-4.620620231488175769e-07
-5.466889962948926061e-07
-4.203920751850184430e-07
-4.959136758284045108e-07
-4.451231537903909614e-07
-4.715737136530230178e-07
-3.771786725895493243e-07
-5.054037999209189721e-07
-4.994566119125151473e-07
-4.489515557680390610e-07
-5.302584116403646815e-07
-4.453484972796322060e-07
-4.761758790439052112e-07
-4.769390679645994113e-07
-5.079746464480067178e-07
-4.963698651867151556e-07
-5.011853198298245895e-07
-4.447534427719559710e-07
-4.714163301747692048e-07
-4.203376403714196388e-07
-4.478126388200523256e-07
-4.457130958949735192e-07
-4.549164307872323352e-07
-4.531199999923718036e-07
-4.835761734235377362e-07
-4.807895287427314684e-07
-4.655004524789860982e-07
-4.488217067349171908e-07
-4.600895623923795278e-07
-4.459263595932619267e-07
-4.294023693312755231e-07
-3.066870648001676127e-07
-5.568264054296183660e-07
-4.446076612881868082e-07
-4.730487981548136392e-07
-4.318418772788164196e-07
-4.745890762330805971e-07
-3.724669446131463764e-07
-4.547029392781186450e-07
-4.983048590798418606e-07
-5.074291219707762810e-07
-4.324481988470902402e-07
-4.664127810941674406e-07
-5.233837044098871923e-07
-4.811574143858851736e-07
-5.289768936251273300e-07
-3.736911241882007226e-07
-4.829527759018381772e-07
-3.983681678576297606e-07
-5.161585195907993517e-07
-5.018946917592967711e-07
-4.351348204591801810e-07
-4.923106301720108467e-07
-4.650870484227525322e-07
-4.673969748456636636e-07
-4.123342731701864182e-07
-4.034465156871310605e-07
-4.766666500209054781e-07
-4.794546582154261850e-07
-4.433192118133537776e-07
-4.522781657165826585e-07
-3.400616937922376342e-07
-5.104235050970608134e-07
-4.061993849377150371e-07
-4.824373607763487125e-07
-4.809116826664156086e-07
-3.930397713589654104e-07
-4.581941763837272695e-07
-5.082664689453541861e-07
-3.833047216473445301e-07
-4.796563110062801739e-07
-4.614739528698387318e-07
-5.806856129594150664e-07
-4.214291213644584482e-07
-4.594768079667842355e-07
-4.785829550217517667e-07
-5.195574741589944076e-07
-5.504341643049112179e-07
-4.746768709727686232e-07
-4.852035129343294977e-07
-4.836580879732239423e-07
-4.723677372407180126e-07
-4.563693165915095867e-07
-4.735371076932413885e-07
-3.921897445157149423e-07
-4.624564837676122004e-07
-4.883186808781358355e-07
-4.739043680700904324e-07
-4.504715473870457593e-07
-4.702478308565885727e-07
-4.621023351654800509e-07
-5.217988627998859569e-07
-4.381649921168275524e-07
-4.213301468510508762e-07
-4.650773248227943188e-07
-4.640089955103264893e-07
-4.543814225707158110e-07
-6.768522228534061715e-07
-4.981866011599591492e-07
-4.921026874505959305e-07
-4.868276770302283457e-07
-5.448283481703353397e-07
-4.815301484051350700e-07
-4.204433635909567768e-07
-4.609478459113276973e-07
-4.729057869373817472e-07
-4.304576922214981595e-07
-4.391446513416440528e-07
-4.212411252949513611e-07
-5.263385459518718062e-07
-5.096007579858240108e-07
-4.672037770118730636e-07
-4.596267880762356541e-07
-5.034789482227325030e-07
4.506373644903707037e-07
-4.874401071953504611e-07
-4.678558043553949947e-07
-4.791313503042220505e-07
-4.987917922174986556e-07
-4.621443585235681779e-07
-5.321798742110556339e-07
-4.997891175526748934e-07
-5.313715078009081786e-07
-4.638418559543350897e-07
-4.312439701750808538e-07
-4.580042177140165832e-07
-4.711212848213173959e-07
-4.802062532224387896e-07
-4.353190087684097190e-07
-4.806006635507229007e-07
-5.333926771532524636e-07
-5.017634223221053349e-07
-4.829845344980751562e-07
-4.450087356511030592e-07
-5.051798726127305978e-07
-5.307300194017847891e-07
-4.970239235216635869e-07
-5.198694765605916178e-07
-4.468282597501811577e-07
-4.345046725738182747e-07
-4.746427835669845361e-07
-5.034357849208818519e-07
-5.121371723984007727e-07
-4.598154373004501720e-07
-4.699873361810664344e-07
-4.681131321434806116e-07
