-7.823243895854849156e-07
-6.470120119559170843e-07
-6.635527539200461451e-07
-6.355928835942084537e-07
-6.666325610864131963e-07
-6.582379113677083207e-07
-6.677382948286955057e-07
-6.486259001840180752e-07
-6.206892720733163008e-07
6.858063957199812580e-07
-6.459131436782676254e-07
-6.182015384261900644e-07
-6.628746896162939941e-07
-6.778038375074059186e-07
-6.265807215596634786e-07
-5.925730943488247562e-07
-6.079789256894091553e-07
-6.540723443314801624e-07
-6.808766854339624396e-07
-6.709640437121886066e-07
-6.733418987955346369e-07
-6.517629914569727445e-07
-6.055570637084570511e-07
-6.277620286990288181e-07
-6.332240419497846044e-07
-6.517123978873978956e-07
-6.382138121509359834e-07
-6.088259268414093082e-07
-5.791128081470184207e-07
-6.532577746269332222e-07
-6.246101244057361990e-07
6.459236249840152942e-07
-6.476432534724574442e-07
-6.351926170212966078e-07
-5.909989331668989274e-07
-6.679313220212161676e-07
6.549226236151312907e-07
-6.262740478360069327e-07
-6.083872956719846336e-07
-5.978521195881018380e-07
-6.920944164786562839e-07
-6.372884492183934128e-07
-6.438615884331279546e-07
-6.384157854499315981e-07
-5.306758295841159803e-07
-6.455852671528536955e-07
-6.549444406685907657e-07
-6.500166019407034605e-07
-6.066766892889151929e-07
-6.718028575255948042e-07
-5.956139649852732811e-07
-7.561679577093811744e-07
-6.701807223238432562e-07
-5.122004133917229430e-07
-6.410870249317821236e-07
-6.639105475896293154e-07
-5.822349814293132058e-07
-6.297523267113250918e-07
-6.223032930815874192e-07
-6.603072526387067809e-07
-6.612107463631144837e-07
-6.739052397035322965e-07
-6.411733092590838231e-07
-6.370123439291125445e-07
6.897589375627923664e-07
-6.423896391958336843e-07
-6.473270928409791496e-07
-6.489066878364538809e-07
-6.489708512371178577e-07
-6.824795283881304968e-07
-6.833206628333918782e-07
-6.490887749600694912e-07
-6.200480263691231242e-07
-6.416089050214277475e-07
-6.654834592494349520e-07
-6.641714581370280593e-07
-6.221124634008633627e-07
-6.334925708563802689e-07
-6.240667564897481907e-07
-6.562408353528131150e-07
-5.376320923559600862e-07
-1.796472151414857427e-07
-6.438915047810997772e-07
-6.773168493215402556e-07
-6.827372069919737449e-07
-6.514839624097570389e-07
-6.263616763804519918e-07
-6.030114060820022814e-07
-6.358625698035879714e-07
-6.314315307954500452e-07
-6.352007692617518225e-07
-7.745254362733169936e-07
-6.115978365496557556e-07
-6.804015717578604544e-07
-6.526984729849932043e-07
-6.702870765983650212e-07
-6.631332649588473490e-07
-6.504246334472141738e-07
-6.575732428657664432e-07
-6.883069872900029877e-07
-6.437211467491321623e-07
-5.974151176544484466e-07
-6.480839601831622279e-07
-6.267719907542389122e-07
-7.260177461829151916e-07
-6.776563834489706107e-07
-5.980662605520649930e-07
-6.357660511587012608e-07
-6.635816085702344120e-07
-6.251720919184111900e-07
-5.677249001063072847e-07
-5.001880450493643752e-07
-6.314205893154380784e-07
-6.310458693911369711e-07
-6.260326805978286367e-07
-6.492597527359966476e-07
-6.428471838532732122e-07
-6.317917245192954406e-07
-6.343375186186603154e-07
-6.585173049119188581e-07
-6.918200421467386680e-07
-6.607563734502002554e-07
-6.551655266310094557e-07
-6.589508203098724630e-07
-6.201872273280462747e-07
-6.333654211503530854e-07
-6.215265853118256314e-07
-6.953987396784807212e-07
-6.426536761147023376e-07
-6.937613972369378513e-07
-6.187233624585429177e-07
-5.966847089825935281e-07
-6.267449170748604095e-07
-6.513747064302677101e-07
-6.285295416733871762e-07
-6.035624203468364635e-07
-6.294284018352848802e-07
-6.764936145687305566e-07
-6.529646192557699812e-07
-6.079464012389134863e-07
-6.270704332283201647e-07
-6.107697550711939866e-07
-6.219299309515647228e-07
-1.478556532968580050e-07
6.354983268325032173e-07
-6.097502391650160842e-07
-6.270390762776679535e-07
-6.470576039086194013e-07
5.965961141268448984e-07
-5.515584236131733913e-07
-6.622837950167282395e-07
-6.416287654850269232e-07
-6.498899821639472427e-07
-6.166384724324408763e-07
-6.546025590733849397e-07
-6.696667582219434169e-07
-6.116288568406717935e-07
-5.978508604396817461e-07
-6.656629465318675376e-07
-5.993212126105093713e-07
-6.429837573007264227e-07
-6.585019229724561971e-07
6.056346154552334796e-07
-2.150216151000056970e-07
-1.206726512608644583e-07
7.138408097567612196e-07
-6.321065767710098153e-07
-6.804193783580319009e-07
-6.463392166305523074e-07
-6.378678620140735123e-07
-6.548277734487744827e-07
-6.498873584398904704e-07
-7.310670377039454114e-07
-6.563799611200277676e-07
-6.479375674286892831e-07
-6.438073835603672215e-07
-6.228097893282924262e-07
-6.681130902603501388e-07
-6.522519258017318010e-07
-6.928954434246098382e-07
-6.805982794750240148e-07
-6.323565160363072140e-07
-5.352393691799132468e-07
-5.826884677458984139e-07
-6.382349587084817071e-07
-5.923159131384342443e-07
-7.202842728855294568e-07
-6.657889809725522059e-07
-6.676925143927953622e-07
-6.316282334413299417e-07
-7.730094393143619727e-07
-5.266328479524762696e-07
-8.135599148189804795e-07
-5.833701048229943329e-07
-6.765437072006570716e-07
-6.400706611335057356e-07
-6.310754528975926382e-07
-6.699386196809915622e-07
-6.157490307693219822e-07
-6.020132293470217114e-07
-1.361578356089044086e-07
-6.282964016276612099e-07
-6.373573835382785529e-07
-7.382385338627087715e-07
-6.135872086247999972e-07
-6.412862204003019408e-07
-5.958591452777373508e-07
-6.088608002219048486e-07
-6.150013895550552879e-07
-5.840677003864634240e-07
-6.666164563444326914e-07
-6.278189708469316628e-07
-4.719901083127668111e-07
-6.217052253677769574e-07
6.363325734325694003e-07
-6.728564169951631546e-07
-6.167175034483692947e-07
-6.434245854995001823e-07
-5.861746256273652847e-07
-5.084986743777667829e-07
-6.965540616998808129e-07
-6.481682161152120453e-07
-6.584384084863984069e-07
6.832900176745127522e-07
-6.514253179329965840e-07
-6.753063691099427993e-07
-6.045643309331769315e-07
-7.014420442289063290e-07
-7.375477662782388678e-07
-6.332477598207527504e-07
-5.650792102725441480e-07
-6.267396385911399227e-07
-6.500151218394777605e-07
-6.120340363148686540e-07
-6.904239345778791105e-07
-6.446448476722308512e-07
-6.626219930501049273e-07
-6.866918473569232659e-07
-7.198999188211268693e-07
-6.363209156639883930e-07
6.776016205705508380e-07
-7.199646336552461797e-07
-5.602104125311754438e-07
-6.059360703904319717e-07
-6.290222336679120588e-07
-1.712746201954006026e-07
-6.230259102225566108e-07
-5.920067420690015329e-07
-6.392862776568414896e-07
-6.454825169578326934e-07
-6.714306927610830251e-07
-5.957252560720200331e-07
-6.180325348761525798e-07
-5.996254009597952335e-07
6.639192250268035897e-07
-4.738344810381434330e-07
-6.888396766919473642e-07
-7.019087178996567431e-07
-5.894902500980901477e-07
-6.397367370866986449e-07
-6.488768418456939997e-07
-6.108466373024056089e-07
-6.749486024168069170e-07
-6.236064320975015236e-07
-6.409189928097926614e-07
-6.486615903617569028e-07
-6.407352967124379179e-07
-6.990052228155873680e-07
-6.250525797758543204e-07
-6.330240942864318819e-07
-6.768038094133188045e-07
-7.240424811316122080e-07
-6.415462302635215916e-07
-6.119360350570754911e-07
-6.305297917473237276e-07
-5.820438465687462193e-07
-6.646462840619402694e-07
-6.562584976906900167e-07
-7.028240400769078721e-07
-6.408676923578392192e-07
-6.802666433013944278e-07
-5.956532830485116029e-07
-6.551237680367554224e-07
-6.144719135435018407e-07
-5.563388931797831917e-07
-6.955603245782664550e-07
-6.427183560709066031e-07
-1.221888257270680782e-07
-6.480522186215304181e-07
-5.904430500910300861e-07
-6.198886883346951490e-07
-6.801489542091396111e-07
-6.482165504912694701e-07
-6.246331877202803122e-07
-5.855133457848304119e-07
-6.712631555899511421e-07
-6.449505103675070671e-07
-7.088431314016206342e-07
-6.118056413214249034e-07
-6.601848546317967452e-07
-6.020309799305607217e-07
-6.599136373394732781e-07
-4.866365181069234476e-07
-6.503495644117318665e-07
-6.711873606193701009e-07
-6.835729931341249974e-07
-6.559961041381661085e-07
-6.641099994126215970e-07
-5.740879791885699177e-07
-6.359880876164581001e-07
-6.653526188070594305e-07
-6.861155335528617938e-07
-6.331641808674085453e-07
-6.565965677686181615e-07
-6.503546314991387421e-07
-5.661235455238384585e-07
-6.855526338058566276e-07
-5.891546484656347940e-07
-5.880613873609601672e-07
-5.855568676768951310e-07
-6.813859472366670445e-07
-5.233601815295399225e-07
-6.200913536783358277e-07
6.344086059850179989e-07
-6.821406482652945973e-07
-6.642513069999769302e-07
-7.527763079982028567e-07
-7.386986271948264846e-07
-6.642434566809454703e-07
-6.855791018780988831e-07
-7.149973954673970255e-07
-6.331297112657176396e-07
-6.581491941878704668e-07
-5.980292226566726146e-07
-6.207624629567051241e-07
-6.611718810289566464e-07
-5.753434752829931467e-07
-6.632465881557389427e-07
-6.410053308287518000e-07
6.868447349249949135e-07
-6.689005562548366048e-07
-6.605351284808148837e-07
-5.602374962176780593e-07
-5.963811406052570309e-07
-5.434690163832404931e-07
-6.464781416295851725e-07
-5.518145428132366250e-07
-6.357565984480326949e-07
-6.775056222987761919e-07
-6.265966754944522750e-07
-5.730827287616775330e-07
6.121865919904569068e-07
-6.456885243943691165e-07
-6.665676104608197302e-07
-6.378814865516193367e-07
-6.084238414892209796e-07
-6.321168104413010361e-07
-6.700472890501020590e-07
-5.744562317665475688e-07
-6.744051358835541984e-07
-5.998410755051246952e-07
-6.353021237066851494e-07
-6.329967411230792345e-07
-6.614006122204987993e-07
-7.757796217722508740e-07
-6.357809752497538411e-07
-6.505554867738427961e-07
4.060416222788819647e-06
6.566593671108611397e-07
-6.339788886236384425e-07
-6.719897274210276656e-07
-6.490838059651001002e-07
6.697937253883880359e-07
-7.032209531409678644e-07
-6.914189198455353694e-07
-6.330093688190085566e-07
-6.538997976861981231e-07
-6.964118839761521368e-07
-6.597086767402332471e-07
-6.784011875753258521e-07
-6.879252862772422938e-07
-6.526041855904428922e-07
-6.175070067271870170e-07
-6.575694914288943234e-07
-6.369867537699361297e-07
-6.460591462228336974e-07
-6.129545578389289657e-07
-6.256262364628412247e-07
-6.529199064100582079e-07
-6.873013532572732393e-07
-5.673277032446651137e-07
-6.221927849808934042e-07
-6.310569175140657523e-07
-7.048636112499002855e-07
-5.637707966357816075e-07
-5.977868237026847401e-07
-6.133043924970873894e-07
-6.539520306487351836e-07
-5.952583593011998083e-07
-5.679469153606568147e-07
-6.240909281858647605e-07
-6.383469812229309744e-07
-6.327373421054020599e-07
-6.395055055007262137e-07
-6.304076511349471126e-07
-6.321380705699910040e-07
-7.004593048598060751e-07
-5.707535842977383044e-07
-6.488052650396955377e-07
-6.831291823184600894e-07
-5.094861213216332356e-07
-6.274220668031608951e-07
-6.829533560440762680e-07
-6.690910700100088406e-07
-6.297529199258126082e-07
-6.046903681997434005e-07
-6.178167120013561992e-07
-6.419139953755101352e-07
-6.216697862816829229e-07
-7.003713323809122832e-07
-6.337683591264716206e-07
-6.250199590784147413e-07
-6.346382568436942581e-07
-6.795860772669212801e-07
-6.674968289364424592e-07
-6.340272721888055738e-07
-6.205676563637515475e-07
-5.939620956066085568e-07
-6.514165853721622879e-07
-6.837263857717105534e-07
-6.220621740089709767e-07
-6.484748762281514363e-07
-5.174671863163184162e-07
-6.126672652637137799e-07
-6.042953386345667043e-07
-6.452889618793902076e-07
-6.675825818681665171e-07
-6.564030030660285103e-07
-6.269476638560170868e-07
-6.738268991598488485e-07
-6.255494822166038080e-07
-6.923258099108707999e-07
-6.300368746229271258e-07
-6.229944825427448327e-07
-6.401033715619780580e-07
-6.375529311517536612e-07
-5.831754684338565583e-07
-6.084076056254847308e-07
-5.724327908262556068e-07
-6.666533470137932653e-07
-6.705374724488164569e-07
-6.659108037616661740e-07
-6.844129649391794156e-07
5.957186307368772621e-07
-6.160154971152192485e-07
-6.572021880594569794e-07
-6.423742381095492280e-07
-6.514846028238601100e-07
-5.967101693106655116e-07
-6.272470583624645924e-07
-6.270785601023787996e-07
-6.297777887382929634e-07
-6.178185474495612340e-07
-6.104271890280117647e-07
-6.288107728655687001e-07
-6.573535480881766586e-07
-6.825642861811966282e-07
-6.369695799011322801e-07
-6.574481560360485927e-07
-6.698544188904882437e-07
-6.790776264299635931e-07
-6.324847333057957019e-07
-6.604605470795937786e-07
-6.652699697081765275e-07
-6.221694959474668480e-07
-6.524165967508461638e-07
-6.823271940855613208e-07
-6.641052718672916265e-07
-6.438418187523087802e-07
-6.008814873078489486e-07
-7.091320659254678517e-07
-6.370346496578173379e-07
-6.325415138686034956e-07
-6.598370678559169589e-07
-5.816558722423370687e-07
-6.581431826473777965e-07
-6.442287521115953383e-07
-6.655992005361331973e-07
-6.219729344054355023e-07
-5.988181232774921015e-07
-6.721516762965685076e-07
-6.676064139721355234e-07
-6.287384520168440444e-07
-6.307870531685230309e-07
-6.674103420474251516e-07
-6.468592322049056642e-07
-7.595528391460894900e-07
-6.616334088522208160e-07
-6.577309308678136692e-07
-6.731700587799174288e-07
-5.771292514905878939e-07
-5.912030161857027442e-07
-7.038336941098237273e-07
-6.607677580628780352e-07
-7.429047970062548608e-07
7.022483466553705280e-07
-6.400511541950674207e-07
-6.711833363371522897e-07
-4.515461651407612076e-07
-6.318509374922659500e-07
-5.959326055288954090e-07
-5.708334638798720430e-07
-6.731813188655725530e-07
-6.377824955975281516e-07
-6.513407376313058130e-07
-6.303154443599214905e-07
-6.070238872565910656e-07
-5.900613446076230379e-07
-1.400926440237098169e-07
-6.128975679807079326e-07
-6.456968320598024989e-07
-6.598604051566691932e-07
-5.846905045827605256e-07
-6.639431344471678450e-07
-6.387535296847285327e-07
-6.491165529777848352e-07
-6.406643256658480865e-07
-6.664575028094966736e-07
-6.454128237147055727e-07
-6.735533574064437777e-07
-6.208043645368884472e-07
-6.280519841456119115e-07
-6.124178290518503147e-07
-6.483520999393468293e-07
-6.616855137009950639e-07
-5.572252243255569614e-07
-6.014228869272042798e-07
-6.714972214572849527e-07
-6.101091458879403213e-07
-6.270810732985428525e-07
-6.364868374206249858e-07
-6.166438303486071212e-07
-6.888974936818049760e-07
-6.387562946452053116e-07
-6.866015385011821830e-07
-6.442047473673131633e-07
-6.166782274699116059e-07
-6.161514096038333214e-07
-5.677024574419565930e-07
-6.719491277888241960e-07
-6.452476731772547867e-07
-6.352641074239537620e-07
-6.458503736604524532e-07
-6.186459211261330767e-07
-6.141801625609931138e-07
-6.474610246225943205e-07
-6.050695761542600537e-07
-6.528930918392736567e-07
-6.194939459596171924e-07
-6.545743470199405951e-07
-6.537017137097817970e-07
-6.136153631454701521e-07
-6.729021770954939711e-07
-6.652479018788244369e-07
-6.617444463546266779e-07
-6.539448046418606040e-07
-6.301140358241696170e-07
-6.716570124466119726e-07
-6.516870208861915689e-07
-5.784731700992499498e-07
-5.997366306699120582e-07
-6.921075922275398585e-07
-6.678142915699505208e-07
