-1.778100034662827830e-07
-9.774702508679921794e-08
-1.790720486479245047e-07
-1.546615330043534703e-07
-1.736883125735491764e-07
-1.690485796808306060e-07
-1.933376342500442349e-07
-1.749664372166400882e-07
-1.884863437352099187e-07
-1.544734506979980303e-07
-1.700056188895364892e-07
-2.358307287379155775e-07
-1.722960209935508432e-07
-1.431374680876230935e-07
-2.024802698167852091e-07
-1.533682960346787620e-07
-2.081446000902622332e-07
-1.672035920111048354e-07
-1.001950457951263275e-07
-1.698870677399639554e-07
-1.884379058246407139e-07
-1.570465841917036628e-07
-1.676094490268845773e-07
-1.991497064901368578e-07
-1.580213987044128455e-07
-1.857510958916503356e-07
-1.924630169408833502e-07
-1.539748433600952922e-07
-2.003115170196953380e-07
-2.429634531357719487e-07
-2.320725045078033097e-07
-1.606097677896155570e-07
-2.010842290235581430e-07
-1.828686278463914172e-07
-1.591841926840532066e-07
-1.584421779826804997e-07
-1.748718451353854575e-07
-1.695060085573162449e-07
-1.521089773464902604e-07
-1.960059591729412829e-07
-1.381480876446470227e-07
-2.196968811149217810e-07
-1.832764251873156049e-07
-1.943317212053567487e-07
-1.979806581847727544e-07
-1.446371422563979442e-07
-1.630932734285975871e-07
-1.449527848532380707e-07
-1.783310780535456929e-07
-1.687551659152999591e-07
-1.712784931416144543e-07
-1.519682577026056048e-07
-2.543244423376456863e-07
-1.390920581984540600e-07
-1.391174672020054077e-07
-2.051726751213992957e-07
-2.565178035391270423e-07
-1.931413321377110488e-07
-1.789970112940806393e-07
-1.771414056600092086e-07
-1.578757896511267262e-07
-1.903063458400527516e-07
-1.980713355487493402e-07
-1.828656723604620895e-07
-2.251767315366022630e-07
-2.346339942905361787e-07
-1.943658386047628924e-07
-1.674665853282028241e-07
-1.544370456880575417e-07
-1.532844368990316692e-07
-1.530696131155165593e-07
-1.543343877613027426e-07
-1.469547796183339989e-07
-2.184802976091867312e-07
-1.915826546091193037e-07
-2.089557000039833367e-07
-2.181179992163330529e-07
-2.475102330375017706e-07
-1.578340294302294562e-07
-2.052695674273744990e-07
-1.148314771002473428e-07
-1.612155559663704460e-07
-1.669820247930466277e-07
-1.739847454561045118e-07
-2.028112624198292593e-07
-2.105014108266729934e-07
-1.673575435030045521e-07
-1.639984582946936192e-07
-2.141694139611845662e-07
-2.148878595612604451e-07
-1.438196790877698455e-07
-1.874218386132859638e-07
-1.890732014952957425e-07
-3.489530038801135003e-07
-1.703412168881306078e-07
-1.392445720979641081e-07
-1.357875272589767265e-07
-1.927357470578753739e-07
-2.101085915620004223e-07
-2.315075594085037933e-07
-1.746889942714085087e-07
-1.511633105139293805e-07
-1.772981548501349473e-07
-1.452502726486295490e-07
-2.125113981807372738e-07
-1.449123716126926698e-07
-2.865809424909606698e-07
-1.391658327436584155e-07
-1.722758257149734705e-07
-1.295202772985571539e-07
-1.778200506942191074e-07
-2.035828445114234791e-07
-2.020618547616069741e-07
-2.237573230297442140e-07
-1.291387859869987263e-07
-1.730926941449871609e-07
-1.792776551369484109e-07
-2.264478601374741742e-07
-1.954528565027624976e-07
-2.099269205601122612e-07
-1.764460900761926512e-07
-1.130170050062657976e-07
-1.394343973783692343e-07
-1.846704333467338975e-07
-1.914671398205263791e-07
-1.989239200828289326e-07
-2.259186285432693036e-07
-2.151420017740259190e-07
-1.316718507544816818e-07
-2.103392253031620491e-07
-1.970677909180710403e-07
-1.620442192511060327e-07
-1.868351275859634194e-07
-1.643135551488329518e-07
-1.692952766344909173e-07
-1.386506798736930070e-07
-1.363765526462842266e-07
-1.571374365312019489e-07
-2.448269510858033326e-07
-2.259802287444647177e-07
-1.528514522073306055e-07
-2.087664164205176114e-07
-1.318509289957953693e-07
-1.925873066655549480e-07
-1.531262813026519703e-07
-1.726320736654432517e-07
-1.661218438623775544e-07
-1.908916520122570907e-07
-2.168020714004821844e-07
-1.674749236451349360e-07
-2.542322143427424110e-07
-2.599422833424600860e-07
-1.764227479649555504e-07
-1.062893345675128161e-07
-1.840908721023122521e-07
-1.161500823374371978e-07
-1.637800087663099438e-07
-2.359433971721456505e-07
-2.145168741287832407e-07
-1.769729120737271814e-07
-1.278118627553023055e-07
-2.068059929323131804e-07
-2.006573686875279939e-07
-1.941376709420823607e-07
-1.426473414642945054e-07
-1.461477488470583634e-07
-1.167823945159608219e-07
-1.780138076426873437e-07
-1.897323837998672485e-07
-1.501184131224333556e-07
-1.971288879490866580e-07
-1.760802691588066029e-07
-1.787361174339066239e-07
-1.726627168485040494e-07
-1.856649710056598900e-07
-1.903206074653209422e-07
-1.501724590427861756e-07
-1.668040607347659781e-07
-2.502553316215871572e-07
-1.787999387870239714e-07
-1.212020805903636749e-07
-1.687002270923650764e-07
-1.672312868594764988e-07
-2.139526875823254497e-07
-1.677766235138846880e-07
-1.465639012988782485e-07
-1.247215298435612856e-07
-1.858305655400094461e-07
-1.677891403211337479e-07
-2.071393724083662692e-07
-1.077348122390816250e-07
-1.779394113493774248e-07
-2.325636960392071165e-07
-2.834983641213563282e-07
-2.248006497373930817e-07
-4.008320113469349666e-07
-3.729028649117094420e-07
-1.423394258026595064e-07
-1.642939603855251029e-07
-1.976316377965576840e-07
-1.534025279771126890e-07
-1.695174899635295133e-07
-1.835431362278885580e-07
-2.221253412188469811e-07
-3.467647449644124632e-07
-1.736043355477087304e-07
-2.157653974480845163e-07
-2.101799571666843277e-07
-1.671303834799078523e-07
-1.716272712263051369e-07
-1.625650594020649696e-07
-2.090978561615306036e-07
-1.684114179448516627e-07
-2.136718303735125201e-07
-1.639526346303863327e-07
-1.367897232863357262e-07
-1.823435827524054974e-07
-1.666426234004121157e-07
-1.772774162366090785e-07
-1.920070996570994095e-07
-1.551160423621666359e-07
-2.747052870240789292e-07
-2.113124360091103157e-07
-1.833531611910766990e-07
-1.755514002390185661e-07
-1.587221932840721878e-07
-1.449402006998906292e-07
-1.237978086661423111e-07
-1.586204028438949576e-07
-1.934630390443817198e-07
-1.798522214467913201e-07
-1.768887832438570502e-07
-1.363991322065380307e-07
-1.190221845030729292e-07
-2.024826641072637256e-07
-2.012606607132725240e-07
-1.709983492230437621e-07
-1.786832818943038968e-07
-1.948130788971136947e-07
-5.001968189738805686e-07
-1.707332976199299572e-07
-2.073755306883119755e-07
-1.577699800916393790e-07
-1.604561123207802977e-07
-1.007536107996075906e-07
-1.512572404086358380e-07
-2.401816661852423260e-07
-1.614132422045997714e-07
-1.353016518415206230e-07
-1.734954720030712862e-07
-1.879507639798026094e-07
-1.739494192078739581e-07
-1.551473887924016093e-07
-1.623358004053744781e-07
-1.437811039899133354e-07
-2.328943991600918068e-07
-1.438452061797685898e-07
-1.920723708614980132e-07
-1.654009499659940000e-07
-1.813872215313343868e-07
-1.785190339601129832e-07
-1.908907677417668825e-07
-1.842727094284769384e-07
-2.001159612654018732e-07
-3.645487629401566240e-08
-1.612867973945937512e-07
-1.685068781167458320e-07
-1.733957933272469340e-07
-1.814896685680461084e-07
-2.129986203990985635e-07
-2.454982104981908319e-07
-2.793695155212148755e-07
-1.844143971143942450e-07
-1.676534836493857806e-07
-2.163055803053903870e-07
-1.485204386493564312e-07
-1.976777142414391976e-07
-1.368686416454511505e-09
-1.529097518150073801e-07
-1.539089971843869968e-07
-1.324045362306196863e-07
-1.883487846138865448e-07
-1.893675570610865204e-07
-2.212015252080801768e-07
-1.423522173843396607e-07
-1.806530156072378119e-07
-1.799376723438202894e-07
-1.618818844778032083e-07
-1.750038017734537257e-07
-1.835111938497874652e-07
-1.462009295655318247e-07
-1.411783222443041001e-07
-1.885956756136313932e-07
-1.947156290096236299e-07
-2.574323717255064513e-07
-1.679917516459575526e-07
-1.431687089060381649e-07
-1.903569918993664633e-07
-1.661455154503852837e-07
-1.192988312124294682e-07
-1.245876308374091821e-07
-1.408822661212444442e-07
-1.605568574712812277e-07
-1.707572452659403805e-07
-2.381215950003123761e-07
-1.358909947550388566e-07
-1.867547260499277672e-07
-2.277981251336449010e-07
-2.171621672632835616e-07
-1.347505072553051520e-07
-1.909346943972310400e-07
-2.079573792718916326e-07
-2.063353596442765858e-07
-3.487278142140041823e-07
-1.223368664100667907e-07
-2.636887369886363368e-07
-1.584990496478534023e-07
-1.566129022715535908e-07
-1.763895414940442311e-07
-2.168594687108948210e-07
-1.430121745712606781e-07
-1.801289585043941881e-07
-1.876224140164237079e-07
-1.619984764649173516e-07
-1.402496582956876929e-07
-1.477446483683646736e-07
-1.914879359167944778e-07
-2.077750706224789363e-07
-2.013232456239344986e-07
-1.628460130989928418e-07
-1.447561527514540123e-07
-1.830053791581629831e-07
-1.935609750402640657e-07
-1.564125916338641204e-07
-1.507968665094604207e-07
-2.247221446315119371e-07
-1.343613883142311702e-07
-2.213577516435012129e-07
-1.871557881371413678e-07
-1.843465744607460527e-07
-1.478018517320689019e-07
-2.155422258959323257e-07
-1.961450194674171886e-07
-1.285476199494962085e-07
-2.211138672549190632e-07
-1.916455216293697299e-07
-1.613865376950093027e-07
-1.860348243221049326e-07
-2.218431213246998354e-07
-1.924392958335647313e-07
-1.937056451541235047e-07
-1.713915824400597909e-07
-1.736170462364417499e-07
-1.297301745405613724e-07
-1.489467262911963770e-07
-1.601894763206078589e-07
-1.553407617829578903e-07
-2.091652454245927043e-07
-1.398657573919154828e-07
-1.953248089594962666e-07
-2.550614992469014157e-07
-1.846977584755392515e-07
-2.327095020174693306e-07
-1.342583997911441269e-07
-1.832133391875234592e-07
-1.486495640914432990e-07
-1.822844225448050422e-07
-1.573719121657793691e-07
-2.228570434507007707e-07
-1.704365969076105431e-07
-1.841047243148188510e-07
-1.730529127338443642e-07
-2.008653807956923160e-07
-2.140655912358835396e-07
-1.703054516754174119e-07
-1.944250919121668773e-07
-1.952717675834379666e-07
-1.761654803067863705e-07
-1.723486286574109942e-07
-6.298218261218710648e-08
-2.032064730397028117e-07
-1.668828896102859354e-07
-1.988777522419541569e-07
-2.182009977418482356e-07
-1.974889024046528821e-07
-1.707050263877564174e-07
-1.678665274705456835e-07
-1.704819735765900830e-07
-2.082158897728861820e-07
-2.104723304680615521e-07
-1.595862101971681782e-07
-1.747912008217887226e-07
-1.866668731283828804e-07
-1.663231551759244877e-07
-2.361886912433521578e-07
-1.592343565209748166e-07
-1.212564661335610091e-07
-1.486321518517319640e-07
-1.654182920649515516e-07
-1.788086515607482795e-07
-1.859950461051278270e-07
-1.919757215900490720e-07
-1.071300743821466276e-07
-1.242942143841059859e-07
-1.870151882309849892e-07
-1.968306777604680498e-07
-1.954488254433194612e-07
-1.938608161121964611e-07
-2.894117432974500374e-07
-2.057454053711053642e-07
-1.346391638851862505e-07
-1.600437729891310030e-07
-1.708844519832236740e-07
-1.436300351375608945e-07
-1.821834138452273379e-07
-2.524722408582858424e-07
-1.928819079937839991e-07
-2.641092052408278007e-07
-1.569640178537645933e-07
-2.172507900441806266e-07
-1.740050569087154945e-07
-1.580061901363603599e-07
-1.918369060869234233e-07
-1.809006107948754918e-07
-1.763825194811050004e-07
-1.697957934736446088e-07
-1.334696761532363923e-07
-2.017102290974111790e-07
-2.101428381994883549e-07
-1.509538180060058784e-07
-1.781210684040055122e-07
-1.596663132397476124e-07
-1.626027457005303852e-07
-1.789142790941008236e-07
-1.251656966967911198e-07
-1.471306866835785327e-07
-1.561262983965232015e-07
-1.756962405222852641e-07
-1.482497792375538970e-07
-1.916769207186416294e-07
-1.471634361263993641e-07
-2.191527935932714788e-07
-1.527372639785026789e-07
-1.746842059336318821e-07
-1.964662979822517244e-07
-1.699184846607480967e-07
-1.847060793502076598e-07
-2.071091301219613362e-07
-1.560806465904982388e-07
-1.918542138298271640e-07
-1.645534828120376281e-07
-1.851118816651840149e-07
-1.995620120909144428e-07
-1.763463997433609066e-07
-1.806370567589377317e-07
-2.100269028024510295e-07
-1.792020910129693232e-07
-1.456836562319819349e-07
-2.033976867537991888e-07
-1.480082976486511900e-07
-1.952017567191018206e-07
-2.263778028110938823e-07
-1.649598048524806329e-07
-2.113621861092945637e-07
-2.309350843216718624e-07
-1.975687501078659469e-07
-1.539306383343609496e-07
-1.479615488248602848e-07
-1.977903824874613555e-07
-2.991982559615738796e-07
-1.823452351004198469e-07
-1.964179503405199333e-07
-2.089281152041292196e-07
-9.737057097426500602e-08
-2.072476574490624353e-07
-1.141077868122481328e-07
-1.795811864070282211e-07
-1.596491776398798260e-07
-1.853832703457151605e-07
-2.093392606511221240e-07
-1.604733263910997833e-07
-1.992066357891573741e-07
-2.006774382293264329e-07
-1.445083064766739959e-07
-2.048723033110217603e-07
-1.732602797605632817e-07
-1.486506960778545382e-07
-1.792703404307087419e-07
-9.440468188838391604e-08
-1.753407406214436862e-07
-3.056874649793676494e-07
-1.668014910750241899e-07
-9.333803240632998523e-08
-8.276161397495287799e-08
-1.577583976485567294e-07
-1.848541759972396506e-07
-1.669651362146232763e-07
-1.225607408068045381e-07
-1.564025730923082350e-07
-2.175950461203450833e-07
-1.790326976150665939e-07
-1.883970675096827739e-07
-1.497131977781779420e-07
-1.580023154436017346e-07
-3.588735405332905806e-07
-2.122289784361442397e-07
-1.657332592591429596e-07
-9.979460181398795177e-08
-1.495097706992979931e-07
-1.553939427343544536e-07
-1.462851487099306031e-07
-1.940337727533167148e-07
-1.233610105878933535e-07
-1.477847638765563171e-07
-1.075157904221216492e-07
-1.810888039561817596e-07
-1.524803557216405888e-07
-1.825912865116029789e-07
-1.580476556532088127e-07
-1.392342382344381571e-07
-1.741610311399338665e-07
-2.480380662289722907e-10
-1.750866265790614794e-07
-1.948505219154748622e-07
-1.845854054596855166e-07
-2.018830160580859068e-07
-1.958343657567327027e-07
-2.140626673844432000e-07
-1.761894222870248557e-07
-1.782339067023755053e-07
-2.019099296517132840e-07
-2.135646016319036538e-07
-1.587342684601779289e-07
-1.755276442873232248e-07
-1.882012689823501647e-07
-1.518365350617985104e-07
-1.917670945297154754e-07
-1.303561772546403514e-07
-1.943893841168136498e-07
-1.948978526341925945e-07
-2.219804860452144029e-07
-2.630036909593868956e-07
-1.390157487493852599e-07
-3.138298349062662575e-07
-2.036380695859841416e-07
-1.745705738725894349e-07
-1.968893003605224878e-07
-1.410945643443425443e-07
-2.229792859681855546e-07
-1.922809656515321630e-07
-1.691155723703325450e-07
-1.885927384335839392e-07
-1.876189272804182054e-07
-1.731637530367734113e-07
-1.870510716621209876e-07
-1.789060684139986118e-07
-1.514450779321447553e-07
-1.459436638815338647e-07
-1.578901219678292772e-07
-1.599038636191057313e-07
-1.616266868737843069e-07
-1.758895239091988514e-07
-1.577638763720370761e-07
-2.026791885691482031e-07
-1.440261914334835104e-07
-1.565134685139565607e-07
-1.978316409022220526e-07
-1.812673511954250135e-07
-1.442712910588219702e-07
-1.521036778130963502e-07
-2.762579753740999096e-07
-1.703474531691631325e-07
-1.953558583384689462e-07
-2.005634033359925064e-07
-1.740971136948513155e-07
-2.148493407298127819e-07
-1.820072496073941973e-07
-1.263073995352566486e-07
-1.846650865318778623e-07
-2.563270423916619829e-07
-2.080405105488083158e-07
-1.888922397090893057e-07
-1.720846578568779535e-07
-2.313982365752284134e-07
-1.438545973126190099e-07
-1.715056222056440677e-07
-2.239837247355209345e-07
-1.152353365265287962e-07
-1.769323150941533404e-07
-1.363378890219065292e-07
-2.252983847904566522e-07
-2.114820173235702878e-07
-1.579155594139359067e-07
-2.079219477576327955e-07
-2.365346385060787376e-07
-1.606058615893827575e-07
-1.680602179963184581e-07
-1.766732044986131263e-07
-1.617362194810952986e-07
-1.667726369817701972e-07
-1.914130545575751660e-07
-2.714631515799291199e-07
-1.631496538962343254e-07
-1.870093207734571773e-07
-1.758116681034065230e-07
-1.491151109159850795e-07
-1.717381861945113345e-07
-1.728347097680991401e-07
-2.063415399868019640e-07
-1.716691652846219596e-07
-1.600763911652196253e-07
-2.228911251020153882e-08
-1.783759783826701708e-07
-2.009196295515164987e-07
-2.259426887456056025e-07
-1.989369840385807871e-07
-1.342629053286768303e-07
-1.870560044352233082e-07
-1.565652624429908697e-07
-1.749966239665919629e-07
-1.652656451756001225e-07
-2.123693568512117661e-07
-1.734003150643347815e-07
-1.406153083088747707e-07
-1.317573220639123250e-07
-1.705274577919091737e-07
-1.421872116696883611e-07
-1.489856662834573135e-07
-1.591736176982311821e-07
1.358927763313543054e-07
-1.902607960235504144e-07
-1.942777960275779788e-07
-2.326620304508837099e-07
-1.777809370248497815e-07
-1.217629282931917528e-07
-2.401508275603574243e-07
-1.241443009079509012e-07
-1.865231693683386427e-07
-2.094068509708232942e-07
-2.000804066016111521e-07
-1.278221289506108682e-07
-1.692570350888881795e-07
-2.197151371872299623e-07
-2.835828686734218748e-07
-1.790350332903241181e-07
-1.684380953008897831e-07
-1.458245319936604284e-07
-1.599685518980241789e-07
-2.249641988068473275e-07
-1.807964332122310488e-07
-1.777562171132818291e-07
-2.535316246996496737e-07
-1.733585148153193667e-07
-1.808805652395362593e-07
-1.981384792757376936e-07
-1.805307142674569382e-07
-1.993643136474321031e-07
-1.579335024570054928e-07
-1.921626999388867270e-07
-1.887050497230877150e-07
-2.151842501474269414e-07
-2.084721974535082051e-07
-1.714289100850250188e-07
-1.973391791825348906e-07
-1.718234276964918494e-07
-1.545632297865777599e-07
-2.095225525105331004e-07
-1.143112063185474953e-07
-1.827257427989403835e-07
-2.105387429183723590e-07
-1.969354459758761967e-07
-2.637958903374550011e-07
-1.433734329256781050e-07
-1.509880314423651885e-07
-2.375375539754359016e-07
-1.585169744518985369e-07
-1.245575706918972463e-07
-1.311518625614088692e-07
-1.971208981978466563e-07
-1.338585215538836758e-07
-1.261176688491964065e-07
-1.573869736584389834e-07
-2.028264016038642319e-07
-1.563496576364942463e-07
-1.505801263986095190e-07
-1.902491344438039002e-07
-1.390798401138350348e-07
-1.780906279506496141e-07
-1.564140261466839267e-07
-1.632347668659661358e-07
-1.667108977209706880e-07
-1.825163002830995282e-07
-1.643469739529647840e-07
-1.822944341416611422e-07
-2.061875135068704449e-07
-2.079899218630863686e-07
-1.172284406696368822e-07
-1.802495206082230674e-07
-1.130134055592320572e-07
-2.241140047461601432e-07
-1.717400774347237148e-07
-1.635472371871899814e-07
-1.404113935978254734e-07
-1.560961209856172606e-07
-1.856382191087013376e-07
-1.400885300267346299e-07
-1.835589840611922055e-07
-1.443126046878149691e-07
-1.727881465736826025e-07
-2.161527930991031263e-07
-1.502872003144045599e-07
-2.059331794411581410e-07
-1.665604322072083027e-07
-1.675457323125915973e-07
-1.885662124756344346e-07
-1.347396746534627142e-07
-1.673957550341325527e-07
-3.316587648309967703e-07
-1.389648084043762213e-07
-2.010189269841208932e-07
-1.884717906592626581e-07
-1.487488656757852960e-07
-1.878207012449104699e-07
-1.448425845793523463e-07
-2.011663052767391477e-07
-1.745103126853294996e-07
-2.258979994380600015e-07
-1.726664532298392350e-07
-1.833822136091840035e-07
-1.695113217887050026e-07
-2.141451961239603460e-07
-2.244215503426152500e-07
-1.805114159147294259e-07
-1.319390138779558126e-07
-1.158212186176651720e-07
-1.590840295646749077e-07
-1.513782637158171892e-07
-2.101529819776589006e-07
-1.924271762115083188e-07
-1.913752924077983266e-07
-1.812283654749759359e-07
-1.835120494757519911e-07
-1.799474924495790699e-07
-1.571846545288331918e-07
-1.575430533707531803e-07
-1.587104898079222036e-07
-2.336607178953290680e-07
-2.201430746757991937e-07
-1.857053543841169690e-07
-2.074223302573141788e-07
-1.757745754517863215e-07
-1.948429826970908910e-07
-1.656404111521639648e-07
-1.204631250591821539e-07
-2.109676614465245103e-07
-1.998389727896435514e-07
-1.501492218443280379e-07
-1.857786340603295854e-07
-2.012612778857089650e-07
-1.254136211715431396e-07
-1.798303270067020006e-07
-2.000679123026620380e-07
-2.073430386472737905e-07
-1.850996267023271121e-07
-1.796095718314050675e-07
-1.598676355121398488e-07
-1.853711641714314337e-07
-3.323809581787656121e-11
-1.810454399238102058e-07
-2.232121646529437250e-07
-2.019364618059552313e-07
-1.863553026553056504e-07
-1.193632547203198654e-07
-1.712852938753428189e-07
-1.363305301768630940e-07
-2.267695739570897889e-07
-1.777942422218972094e-07
-1.625503675559539305e-07
-1.234260743822599208e-07
-1.899367089532677549e-07
-1.797905575842743334e-07
-2.307555860737309479e-07
-1.629712750834597997e-07
-1.731400146231073717e-07
-1.481320349541771195e-07
-2.966489974143450795e-07
-1.980524337928463318e-07
-2.036162105656357204e-07
-1.990470989353715291e-07
-1.891326678138652943e-07
-1.465907426046807632e-07
-2.342225626765008810e-07
-1.310019062604530233e-07
-1.880049792570462280e-07
-2.229469149218180125e-07
-1.825238138913607593e-07
-1.365966473773357663e-07
-1.683848419335196311e-07
-1.965053605065823550e-07
-2.748588233843228095e-07
-1.628561185824746640e-07
-1.592193139267655499e-07
-2.119199473544471579e-07
-1.533206463557195462e-07
-2.675596335970503772e-07
-1.785785465486665657e-07
-2.121265766816684004e-07
-2.199143900350813038e-07
-2.026911754433549889e-07
-1.859617449400247032e-07
-1.511726940098782850e-07
-1.991023538236698083e-07
-1.762621650853523701e-07
-2.185815856254233680e-07
-1.827917195770317188e-07
-1.719137575633591568e-07
-1.604525228014997654e-07
-2.070574024478642255e-07
-1.431057840812431338e-07
-1.327118132677492197e-07
-1.913247599262535038e-07
-1.594457783121057528e-07
-1.462440010652966841e-07
-3.026652393899414483e-07
-1.780483656836442964e-07
-1.425111323703445102e-07
-1.670993834052426834e-07
-1.721065856895085068e-07
-1.680056869567388562e-07
-1.426502449372905631e-07
-1.703148507501257725e-07
-1.749831314707558432e-07
-2.548906373979216883e-07
-1.996276087904310294e-07
-1.078534192830430648e-07
-1.998278068132904820e-07
-1.816054525856189548e-07
-1.865202565460221945e-07
-1.932641390677847155e-07
-2.179213204285045505e-07
-1.480230364843443709e-07
-1.869817610234001120e-07
-1.584083385060996515e-07
-1.777569952073525834e-07
-1.773986746370156224e-07
-1.648224432588889871e-07
-1.586328315642020130e-07
-1.949368490476151385e-07
-1.918904136657328198e-07
-1.642975873307295636e-07
-1.941766170938215706e-07
-1.727430189314814302e-07
-1.584210434702224891e-07
-1.629896462129426986e-07
-1.601602129132009915e-07
-1.568681138970031648e-07
-1.741047849717688656e-07
-1.832346161737316945e-07
-2.027870846703331278e-07
-1.957076534632307844e-07
-1.975967904930009934e-07
-2.204118672149767991e-07
-1.374361240202268428e-07
-2.017451548052270675e-07
-1.479320171705677521e-07
-2.087109609014274004e-07
-2.109915828166342914e-07
-2.132067794003808840e-07
-1.663384176134748030e-07
-1.603374793998336761e-07
-1.985261769534173905e-07
-1.819093917484639681e-07
-1.087702229274845057e-07
-1.494073850352513434e-07
-1.452678358935054740e-07
-1.870486142338880038e-07
-2.221125421017618282e-07
-1.928753988767048814e-07
-1.604807276738708339e-07
-1.338890559469184106e-07
-2.573421087977695876e-07
-1.783905386162798286e-07
-1.591693591385261697e-07
-1.345657055479827282e-07
-1.956532802816265121e-07
-1.576220930302853190e-07
-1.762710422907979491e-07
-1.675662660767991193e-07
-1.853105401813600869e-07
-2.173499010177284879e-07
-2.281685169587114102e-07
-1.649665114400417924e-07
-1.726695301636879650e-07
-1.648744678069693720e-07
-2.415401549211381198e-07
-2.151557552889191092e-07
-1.787010118624005007e-07
-2.307145501648524312e-07
-1.891387731205954234e-07
-1.848166131092311774e-07
-2.031616445298213406e-07
-1.557375833382121667e-07
-2.250366423449684122e-07
-2.497693066938647897e-07
-1.817962229937463661e-07
-1.936189813432341801e-07
-1.652027754240375889e-07
-1.733489156322525849e-07
-1.922292184634820725e-07
-1.739358232405013169e-07
-1.906673229319649138e-07
-1.379838338806337943e-07
-2.203241018540551189e-07
-1.730847551049393377e-07
-1.168399698357477414e-07
-1.374649376852834068e-07
-1.784333360114708063e-07
-1.693706130293978012e-07
-1.490486617227262974e-07
-2.144372020098077097e-07
-1.774772440645251501e-07
-1.724499670620214184e-07
-1.926990003783449449e-07
-1.865499047292672124e-07
-1.840733232580877795e-07
-1.738391474820835109e-07
-1.359600949358554473e-07
-3.370325882862788312e-07
-2.354719072662436966e-07
-2.133394992708315444e-07
-1.601515272187319072e-07
-1.850991615727017499e-07
-1.933419883019011982e-07
-1.553608358205738558e-07
-2.088432367276819239e-07
-1.840863883229557455e-07
-1.784771025015677176e-07
-1.596021788035889310e-07
-1.794403141807181833e-07
-1.895787643891699202e-07
-1.834023866248418990e-07
-1.529473481886663896e-07
-1.885150856933827140e-07
-2.178739085565477822e-07
-2.019219931016832622e-07
-2.068977962662972377e-07
-1.879932954733782520e-07
-1.606448929495522024e-07
-1.277865038817027752e-07
-1.717389569430357667e-07
-1.819803407408675928e-07
-1.907974331883174935e-07
-1.698389020470887104e-07
-1.947046772795568600e-07
-1.869241515809833978e-07
-1.537716542996071978e-07
-2.195787127563658503e-07
-1.956944672523281291e-07
-2.343117869533164233e-07
-1.918898569129916280e-07
-1.834666233525162859e-07
-1.705467722216869372e-07
-1.720042490095803789e-07
-1.689256237049310164e-07
-2.160339347758847600e-07
-1.731827449798679040e-07
-1.671478387011900238e-07
-1.422992393237515990e-07
-1.321306404367349503e-07
-2.073431544163766827e-07
-1.531820699620565145e-07
-1.780247352353865113e-07
-2.143773855966407782e-07
-1.700262360350229586e-07
-2.759808007937046038e-07
-1.686185686830874213e-07
-1.911711042169456437e-07
-1.249773104969542641e-07
-2.035461479761311368e-07
-1.347629936538315892e-07
-1.794198438827919924e-07
-1.950750643788432797e-07
-1.306772907460497513e-07
-1.652399238359737687e-07
-2.161065413331183581e-07
-1.782741451638998913e-07
-1.882714021619571808e-07
-2.065441116565558098e-07
-1.658176833330534585e-07
-1.933963918522686786e-07
-2.714910529116595583e-07
-1.821059914307193738e-07
-1.866774932713558849e-07
-2.041974318879936478e-07
-1.674643788470563908e-07
-2.098054957698411546e-07
-1.565380228824609165e-07
-1.566975132106714389e-07
-1.110530596631109238e-07
-1.843167173682334401e-07
-1.448002146486706506e-07
-1.526385257148331455e-07
-1.417616925887241257e-07
-2.398095957117101046e-10
-1.269268916772569296e-07
-1.817362259722711650e-07
-1.460207478741656259e-07
-1.935746959627001037e-07
-1.160141946089800133e-07
-1.707925513309186716e-07
-1.783392977189715564e-07
-1.330240620094052161e-07
-2.462147903423428089e-07
-1.747795815104138446e-07
-1.403743035855837583e-07
-1.722930278414696200e-07
-2.267570950892933107e-07
-3.001928095666175173e-07
-1.381060604634645710e-07
-1.238134753335625284e-07
-1.995540616207159852e-07
-1.492605159873214721e-07
-1.931458143284020999e-07
-1.747275415710090541e-07
-1.938588080040746858e-07
-1.847871186385467757e-07
-1.722276872493619220e-07
-1.882397612189998689e-07
-2.611650851192825283e-07
-1.770053516453723939e-07
-1.708825712675522585e-07
-2.190887916312861847e-07
-1.744879182992514339e-07
-1.705209182101217319e-07
-1.995380928605443000e-07
-2.062871849066373640e-07
-1.420065611501463884e-07
-1.445869310259000812e-07
-2.222451037337676410e-07
-1.141969552153051565e-07
-2.748266747413678487e-07
-1.877720647726921637e-07
-1.940900624348173485e-07
-1.765962423133706977e-07
-1.391326020944627733e-07
-1.796414508121063426e-07
-2.062485497862768237e-07
-3.110244367113833600e-07
-1.449061224238259648e-07
-2.563936207728847790e-07
-1.532888536350941202e-07
-2.085922461637404535e-07
-1.980133834632966885e-07
-2.063116093271822114e-07
-1.895705107186526301e-07
1.158331007583935114e-09
-2.148945463486040994e-07
-2.205118801174811381e-07
-1.781923862462002995e-07
-1.892086932750736404e-07
-1.738722907613998253e-07
-1.518129001555903890e-07
-2.312936339371727097e-07
-1.782624612700349405e-07
-1.925612395580899114e-07
-1.765894081758591722e-07
-1.334090714020774277e-07
-1.750748858517683684e-07
-1.681431390876912831e-07
-1.591005455042604256e-07
-1.660127985109046783e-07
-1.693507442960683130e-07
-1.885663325838207238e-07
-2.199053327452318915e-07
-2.017714808172785937e-07
-2.135276940062957111e-07
-1.388930493892693872e-07
-2.242940243265710557e-07
-1.852492698527950375e-07
-1.215074239947606845e-07
-1.908432382729929751e-07
-1.280183541734539931e-07
-1.460967675800198824e-07
-1.682109464350985764e-07
-1.149138014569584844e-07
-1.993169099973570737e-07
-1.724162343527323674e-07
-1.892140225969464330e-07
-1.811397635592580363e-07
-1.884549544118144960e-07
-2.776578359417243428e-07
-2.395200342088928643e-07
-2.076628822503523072e-07
-1.781481143984351710e-07
-1.601302012809880194e-07
-1.862781780070693429e-07
-1.850132779797664671e-07
-2.002533769235529250e-07
-1.758869647318666622e-07
-1.585883845225462788e-07
-1.529442152876383420e-07
-2.056417184308189751e-07
-1.297639214600830459e-07
-1.875242581913979620e-07
-1.611492826708256095e-07
-2.278918506298592039e-07
-1.702668821960783011e-07
-1.699503215998156973e-07
-2.402211827549343296e-07
-1.925454056424404186e-07
-1.895958902244278087e-07
-2.379301746414800833e-07
-1.706850343202204222e-07
-1.886294398972002657e-07
-2.386779500423191876e-07
-1.819886148735647244e-07
-2.066646520842462274e-07
-2.171655906473175822e-07
-1.874105670245157283e-07
-1.975893655172280536e-07
-1.705875714594694464e-07
-1.747528779752534137e-07
-1.733404408117174408e-07
-1.902584584650499690e-07
-2.038386624140938354e-07
-1.800614720007243505e-07
-2.091039500047619876e-07
-1.794304193532288828e-07
-1.161012477403090304e-07
-1.830123515615516632e-07
-2.087091827483956079e-07
-1.829598938281029528e-07
-1.914723143647001301e-07
-2.108746736156829366e-07
-2.356606481057352307e-07
-2.375811749124762588e-07
-1.836939031322966425e-07
-1.436024033878018824e-07
-1.973915094134275343e-07
-1.876270874451382745e-07
-1.834340723479736779e-07
-2.493438831369876590e-07
-1.534782092948825927e-07
-2.287435289046496190e-07
-1.998215880952663136e-07
-1.618841784631956057e-07
-1.935166023065199523e-07
-2.405606723825664877e-07
-1.711258935092023287e-07
-2.234631408584564825e-07
-1.422997978986671246e-07
-2.918601324653508187e-07
-1.624640411944561939e-07
-1.833587441224749477e-07
-1.779483422678123853e-07
-2.259899400821108658e-07
-1.894802867226918509e-07
-1.632790300487802490e-07
-9.807533248031998177e-08
-1.742491073251993528e-07
-1.257759529596199697e-07
-1.432047951376860940e-07
-1.934295561599735902e-07
-1.577819160233214005e-07
-2.143199685797560608e-07
-1.553126554079738178e-07
-2.144722236411981753e-07
-1.190176350433223605e-07
-1.506214767741859586e-07
-1.592992611750361521e-07
-1.747035150118388618e-07
-1.856030020062940951e-07
-1.515655425414084796e-07
-1.863439673470782124e-07
-1.666832135087611443e-07
-1.775347106911201896e-07
-2.224314769122257591e-07
-2.521770090338358710e-07
-1.631725471726262404e-07
-1.393843741518942951e-07
-1.545736192799076351e-07
-1.961676855047768000e-07
-3.544425957322724033e-07
-1.927016815585305425e-07
-2.033834996064865478e-07
-1.590657453604137147e-07
-1.028004069639569892e-07
-1.946777506138627078e-07
-1.892915660341323962e-07
-2.096284372108784870e-07
-1.983105266525279072e-07
-1.792698490619889132e-07
-1.685381555902719326e-07
-1.426804329190737180e-07
-1.422087505495130144e-07
-3.307196992349754689e-07
1.214937653960896101e-07
-2.170794527976427800e-07
-1.757835074313685941e-07
-1.915191222373959142e-07
-2.087599332473122791e-07
-2.752605297100971584e-07
-4.591156333462812950e-06
-2.128581093467870785e-07
-2.133055690309419177e-07
-1.878269184318092954e-07
-1.055080763241156273e-07
-1.233396148995047531e-07
-2.058518073504874078e-07
-2.619590137094626909e-07
-1.499920048755351811e-07
-1.960366917731228254e-07
-1.822719851194988832e-07
-1.352699588005398112e-07
-1.798952430108969914e-07
-2.261908917667184928e-07
-1.814615305267175150e-07
-2.146732516940618575e-07
-1.597315864495826926e-07
-2.384131762478578367e-07
-1.174385426301860838e-07
-1.443153971474091336e-07
-1.920029318119266245e-07
-1.990455918704374401e-07
-2.500436210461393013e-07
-2.112232597580629603e-07
-2.077458732638819995e-07
-1.585730096721866389e-07
-1.913429605862753454e-07
-2.657764183621889238e-07
-1.728369442075900239e-07
-1.840711987260607452e-07
-1.924220682654806225e-07
-1.873465915431571927e-07
-1.516372938903260459e-07
-3.173275360079300866e-07
-1.418184663714174650e-07
-1.910096089143565241e-07
-1.834909226949893884e-07
-1.831652162361557788e-07
-1.607516059833685172e-07
-1.807758120281333621e-07
-2.517573068058125064e-07
-2.042315374355124586e-07
-1.875738828190084699e-07
-2.108898358633751127e-07
-1.743002225700641621e-07
-2.523280544200756326e-07
-1.673829131867298288e-07
-2.064267748788776540e-07
-1.376245489066198801e-07
-1.775590916671824361e-07
-1.386713340270932276e-07
-1.761103943741813638e-07
-1.426866418221217683e-07
-1.825374770150439389e-07
-2.439578422630604043e-07
-1.235445892570599181e-07
-1.323706884760047440e-07
-1.827302958640022536e-07
-1.985963602898484501e-07
-1.834868873326765783e-07
-1.417711264443030194e-07
-1.051873947335456473e-09
-2.215328789762923555e-07
-1.639968123995056992e-07
-2.681651588563217854e-07
-2.362904393112923484e-07
-1.259963609497379894e-07
-1.649286512274159704e-07
-1.633446479051502083e-07
-1.967571032464764193e-07
-1.566936084378747086e-07
-3.039379071568934628e-07
-1.972841468143173933e-07
-1.207989953149177743e-07
-2.011573882815715763e-07
-1.372751371278624398e-07
-1.980103792296456231e-07
-1.611763304887575381e-07
-1.784988920106644305e-07
-1.630692609703269103e-07
-1.852670118081261572e-07
-1.092118103888484849e-07
-1.442839466122982927e-07
-2.990646503757862324e-07
-2.524943491900365067e-07
-1.952198575068817552e-07
-1.570588076897934750e-07
-2.041487202815839278e-07
-1.963437754178879452e-07
-1.956165091618206579e-07
-1.682028062452326597e-07
-8.288975041205094579e-08
-1.542466826287484565e-07
-1.510350154950379011e-07
-1.541097780638320161e-07
-1.260166053933165521e-07
-2.285720878423594312e-07
-1.800471765654301213e-07
-2.261991409922273160e-07
-1.766327164679416242e-07
-2.049212115302854632e-07
-1.487284085353465588e-07
-1.884881047149599902e-07
-1.758290871483666917e-07
-1.251096554398112757e-07
-1.813019445251080434e-07
-1.595286487476709721e-07
-2.116808071795174789e-07
-1.676995550678832585e-07
-1.643005143865432941e-07
-2.478673959821579780e-07
-8.541977058360500522e-08
-1.506580417255184887e-07
-1.572106090755483526e-07
-1.777438592724541012e-07
-1.969603009812568200e-07
-2.196915733735980351e-07
-1.844368183801163854e-07
-2.073626451870812402e-07
-1.588828331666764008e-07
-2.474208779801779831e-07
-2.039764939296959393e-07
-2.009535484591501063e-07
-2.052227319415816113e-07
-1.543182597186275227e-07
-2.065274141570487228e-07
-2.002507757402357663e-07
-1.715708801380644742e-07
-1.867082250853871438e-07
-2.051573243757572614e-07
-1.952683578965225379e-07
-1.861517151784146095e-07
-1.901686410197418053e-07
-1.807718721849523551e-07
-2.044274268845707656e-07
-1.645817090425120154e-07
-2.156351537225585811e-07
-1.770655507827780214e-07
-1.554601856264548474e-07
-1.941778480195086888e-07
-2.065786645880068956e-07
-1.649902443230100674e-07
-1.890970341629348409e-07
-1.717100872147426961e-07
-2.080839515455825835e-07
-1.940146062816862138e-07
-1.269434776394598576e-07
-1.994003620962567597e-07
-1.490815644172535826e-07
-1.926976254736647274e-07
-1.937933738904982279e-07
-1.987886516513482976e-07
-1.547592747158420005e-07
-1.000324576484454859e-07
-2.061132140474745517e-07
-1.889931552513506314e-07
-1.414648414564402030e-07
-1.601263057905646838e-07
-1.424393993964941512e-07
-1.932730970647928795e-07
-2.058649821171697880e-07
-1.532237408092704774e-07
-2.009708054737630380e-07
-1.594259518945706815e-07
-1.868151533839686324e-07
-1.553505408550417214e-07
-2.405158741058487318e-07
-1.998146258560537248e-07
-2.135538499570986741e-07
-2.485333946279399272e-07
-1.690029831326761828e-07
-1.998328452458290323e-07
-1.724711691722890564e-07
-1.547850929850253699e-07
-1.396802787829976204e-07
-2.135129353815868770e-07
-1.876945740893810647e-07
-2.042139089602394187e-07
-1.320004423237248547e-07
-1.690244788790112523e-07
-1.451134114064230766e-07
-1.785486547347076518e-07
-2.322135771146780353e-07
-1.875799023855781902e-07
-2.033386389165442319e-07
-1.225554090448593704e-07
-2.471429864690490014e-07
-1.618871671892001837e-07
-1.769409380622809655e-07
-2.469287768786442253e-07
-1.831294735899692674e-07
-1.567780356078433075e-07
-1.754693988377107233e-07
-9.096755727992660677e-08
-1.848594894626459827e-07
-1.955338022194123761e-07
-2.191874434441958647e-07
-1.677311430457444883e-07
-2.186837145191881265e-07
-1.862085920857190450e-07
-1.560568729168821607e-07
-1.605458906949327349e-07
-1.806265623403367987e-07
-1.685730262245606618e-07
-1.879628842643607594e-07
-1.567374499856874994e-07
-1.571853278049937849e-07
-2.600291169384030820e-07
-1.480127431349957278e-07
-1.824266382891225271e-07
-1.976113804592945734e-07
-1.750998901438946429e-07
-2.025826225875488377e-07
-1.836112086865159444e-07
-1.694547756091230798e-07
-1.645773425977529526e-07
-2.033333240921705741e-07
-1.646022598356819848e-07
-1.625085943249856034e-07
-1.444847175527238246e-07
-1.910974959369286891e-07
-1.544541929557138087e-07
-2.610435562614632904e-07
-2.033843595490318227e-07
-9.355566459781048905e-08
-1.934390360583422141e-07
-1.707586014443934361e-07
-2.225495501083699774e-07
-1.738273616806847535e-07
-1.563488782090348672e-07
-1.590259373364990788e-07
-1.682225691554866702e-07
-1.658560897287466804e-07
-1.236048886006194871e-07
-2.094622049357501445e-07
-1.728029416763650596e-07
-2.177183638962480077e-07
-2.027278027668877323e-07
-1.709344493335349474e-07
-1.866468160335649887e-07
-1.991087370606317949e-07
-1.835637971726145613e-07
-2.688062485844088778e-07
-2.778032424476839322e-07
-1.518467475246791324e-07
-1.821393898147291973e-07
-1.828748544975647568e-07
-1.595346609539257685e-07
-1.853755543841760832e-07
-2.298861500577731654e-07
-1.452906138074484502e-07
-2.206179388407482910e-07
-1.733686973092284438e-07
-1.701896882211255713e-07
-1.943216479049826546e-07
-3.638282298219131040e-07
-1.469194009584728257e-07
-1.639233265970215341e-07
-1.452563076840686413e-07
-1.638974286672800283e-07
-1.724854750569224420e-07
-1.279558378526923735e-07
-1.453591152731506473e-07
-1.875569269924827842e-07
-1.974372577522374689e-07
-1.334671211558586437e-07
-1.982660740015389402e-07
-1.046635629971291337e-07
-1.976756939376558384e-07
-1.943188162041773999e-07
-1.452702561917115134e-07
-2.840522803394592711e-07
-1.831907088157498652e-07
-1.357514048169901102e-07
-1.610611720595488554e-07
-1.273379677081226785e-07
-1.860885451783504204e-07
-2.438985957847803062e-07
-1.969298266173719888e-07
-1.699057137623841578e-07
-1.747514039711189399e-07
-1.505223451955904262e-07
-1.404185974405826809e-07
-1.733489043193948908e-07
-2.203812387512439596e-07
-1.801998217194934210e-07
-1.799091014883420183e-07
-1.542303280302221329e-07
-1.633052770374000693e-07
-1.976937062743556811e-07
-1.603223364327105389e-07
-2.280455951484723183e-07
-1.584223281844747624e-07
-1.657194904217383733e-07
-1.512952193172036275e-07
-1.833973473667185991e-07
-1.410172981695539935e-07
-1.560486946447102323e-07
-1.329713828893264564e-07
-1.294414645353809815e-07
-1.404969209738566146e-07
-1.164377552998368633e-07
-2.112397632397560289e-07
-1.589608651623501728e-07
-1.632902888744630116e-07
-1.695552829628128509e-07
-2.337371289293262595e-07
-1.582932370135212526e-07
-2.040503531676911235e-07
-2.069703148399840257e-07
-1.646315951818598545e-07
-1.998540149731943046e-07
-1.851536643520656350e-07
-2.054598960782301446e-07
-2.021711866682134699e-07
-1.786195481356751390e-07
-1.720062686430165696e-07
-1.909558886424632377e-07
-2.487534977347345172e-07
-1.473839277850163626e-07
-2.183897368577573181e-07
-2.008147025838471774e-07
-2.036178645446232859e-07
-2.276424207807609135e-07
-1.725249215821532205e-07
-1.707132841791404002e-07
-2.023222157542100104e-07
-1.628720286407764805e-07
-1.131123036871367127e-07
-1.599988423710062921e-07
-1.611998788165429061e-07
-2.420383110824784863e-07
-1.626201705578528725e-07
-1.945844248717070634e-07
-2.286543499110011659e-07
-2.102131308906550906e-07
-1.399798036296285875e-07
-1.777369677052089912e-07
-1.968314208523573556e-07
-1.213373038135884441e-07
-1.513230066947262653e-07
-1.563086968456784185e-07
-1.901113191721305613e-07
-1.919120601778351868e-07
-1.894396492248994549e-07
-2.091992826631358310e-07
-1.911170529498570098e-07
-1.998836372915342599e-07
-1.591003687688232190e-07
-1.837044129933320551e-07
-1.486759603151023324e-07
-2.785251549944265702e-07
-1.348173080767962564e-07
-2.160573696209450062e-07
-1.876952686428454449e-07
-1.457180207458405429e-07
-2.162550478214014506e-07
-1.616506632598720817e-07
-1.732927692412896413e-07
-1.971165679325602943e-07
-2.155141329260094083e-07
-2.002691194222118441e-07
-2.233114397571653303e-07
-1.723217753488758018e-07
-1.521881140524383565e-07
-1.835751563671597299e-07
-1.444684893282679834e-07
-1.689477917564810171e-07
-2.107628423792663627e-07
-1.831331450050941084e-07
-2.037717642026880731e-07
-1.284076445959953043e-07
-1.764883248208104178e-07
-1.721118955451357034e-07
-2.087523305595848998e-07
-1.671847213237737565e-07
-1.945796421348104926e-07
-1.153218882037089052e-07
-1.570124225601304461e-07
-1.207745084725726348e-07
-1.325225899005174592e-07
-1.255485991411476208e-07
-1.951450073503684987e-07
-2.193293075747507322e-07
-4.055473134736590992e-07
-1.532286979975512723e-07
-2.101712844709654934e-07
-1.818693358046319567e-07
-1.416228802002124218e-07
-1.606419394932127075e-07
-1.818547292896754270e-07
-2.509358294539378799e-07
-1.799191123050924206e-07
-1.748183204632400096e-07
-1.500059203267044998e-07
-1.222258135882269093e-07
-2.145569002156409445e-07
-2.298762021207112259e-07
-1.199454385607446325e-07
-1.560315946261299443e-07
-1.677088986762189434e-07
-1.131865885701595099e-07
-1.458819413352216864e-07
-1.030239131337197004e-07
-1.477280687500946781e-07
-1.835778221084769625e-07
-1.406314681954205469e-07
-2.102693147989460291e-07
-8.527925433390994381e-08
-1.533280276256369581e-07
-1.891189841187285114e-07
-1.839069101444126305e-07
-1.917318589694379964e-07
-1.524186141389948633e-07
-1.693394549233863344e-07
-2.497011953850867076e-07
-1.732591399621914219e-07
-1.785926544035862172e-07
-1.266969935938605571e-07
-1.729697105131643760e-07
-2.097898541749182073e-07
-1.952978637019203072e-07
-1.760459703720537004e-07
-1.740381791005621343e-07
-2.441856244755398339e-07
-2.211371244457990286e-07
-2.221197437664215104e-07
-1.886576678997002423e-07
-1.612023816860907006e-07
-1.886252706514756548e-07
-1.824460145516444369e-07
-1.495430787230174203e-07
-2.034295822453739916e-07
-1.991074905510613066e-07
-1.934672679673457026e-07
-3.298692895595751544e-07
-2.095457396492615756e-07
-1.839136802903084382e-07
-1.716961837739018760e-07
-1.859323454144586286e-07
-2.165454085535307723e-07
-1.940407942730641298e-07
-1.372994196866730423e-07
-1.752171530798199900e-07
-1.599319325979564477e-07
-2.096844371021615541e-07
-1.372188128649220042e-07
-1.618223404530948846e-07
-1.748400441598238378e-07
-2.007605856414161860e-07
-1.400901335354388927e-07
-2.095664903045942284e-07
-1.167787324699973771e-07
-2.854617539327428044e-07
-2.086577954575182941e-07
-1.663422996216095486e-07
-1.370244200047542221e-07
-1.159035284079328262e-07
-1.762039519569098908e-07
-1.588526149527243180e-07
-1.204224795852868577e-07
-2.173514925987127284e-07
-1.353576786476783003e-07
-1.676456541050391331e-07
-1.599113374570318600e-07
-1.611563156700726984e-07
-2.072339572219847212e-07
-1.196160749230891549e-07
-1.615777363798406900e-07
-2.417602980283738415e-07
-1.802972796217019299e-07
-2.311605868098484869e-07
-1.736494208184536158e-07
-1.611660971952759648e-07
-1.557349373998867369e-07
-1.956895308225425411e-07
-1.643150050217122777e-07
-1.727660449472025615e-07
-1.625863139094332239e-07
-2.426902752991580109e-07
-2.260525731345197430e-07
-2.166437780883160023e-07
-1.833903999839343507e-07
-1.567910837822102843e-07
-1.751801179398211303e-07
-1.740557833190540846e-07
-1.648252778147608274e-07
-1.801919544279020082e-07
-1.738830096935512941e-07
-1.433374790215313911e-07
-1.702190768151609320e-07
-1.639512388495690432e-07
-1.554476883991126701e-07
-1.758516495645960340e-07
-1.619386273823622416e-07
-1.630712299468085068e-07
-1.641382049103711421e-07
-1.770972805627495235e-07
-1.103579791233513612e-07
-1.488231839609954970e-07
-1.827408590250074828e-07
-1.597933509616176645e-07
-1.745949320268977703e-07
-1.464522254262159303e-07
-1.770160692348236989e-07
-2.224699552160695304e-07
-2.211671476438020442e-07
-1.537971685341961095e-07
-1.845058840220435566e-07
-1.843334835824528809e-07
-2.042994833099401818e-07
-1.580132153056408665e-07
-1.559559962330326430e-07
-1.878974664723075844e-07
-1.965543494711811845e-07
-2.240785748636741743e-07
-1.118280538101876965e-07
-1.980541000128642599e-07
-1.987391087552259429e-07
-2.363868512494412767e-07
-1.307957633027426672e-07
-1.300222629767396272e-07
-2.006437729843351351e-07
-1.707287507499576902e-07
-1.558744215837199196e-07
-1.932512033066118810e-07
-1.397626825335874159e-07
-1.498876558980863141e-07
-1.554973454341504827e-07
-2.016010787697458477e-07
-2.302783543025477076e-07
-1.361292421005804429e-07
-1.895908426995098537e-07
-1.324724372244294993e-07
-2.171679705734006211e-07
-1.827583603543399910e-07
-1.832185288428687508e-07
-1.071211314063742694e-07
-2.153834982832274328e-07
-1.201790263185864775e-07
-1.542365452545014224e-07
-1.993771076753839078e-07
-1.742390254007264838e-07
-1.955776307357536635e-07
-1.219542130820100871e-07
-1.783622857599465725e-07
-1.997794459315008244e-07
-1.541042197887120703e-07
-1.450133095417203305e-07
-1.105867961689011332e-07
-1.954861669067749496e-07
-2.333760215451733358e-07
-1.711046035398423257e-07
-1.671208093268474622e-07
-1.883950123589621118e-07
-1.535164574574846386e-07
-9.605020541982591697e-08
-1.539567097980553417e-07
-1.619802321852117144e-07
-1.696842354444432479e-07
-1.645202725653059517e-07
-1.608389831846100034e-07
-1.465432777716731304e-07
-2.039865358728475397e-07
-1.955586937622890569e-07
-2.609206953073236335e-07
-1.711580590178182963e-07
-1.771979353406330279e-07
-5.506390246609886911e-08
-1.619147227571002052e-07
-1.884775817373306571e-07
-1.515407073638835702e-07
-7.191991620869767962e-08
-1.796386360572211134e-07
-1.729925208828376637e-07
-1.722966709706626650e-07
-2.002652106878345021e-07
-1.320070334162491553e-07
-1.497309911012910053e-07
-1.717217506763114984e-07
-3.032701177966692577e-07
-1.415474052815473495e-07
-2.859461207915565742e-07
-1.790097228138455183e-07
-1.768300754888006744e-07
-2.028337067808659302e-07
-1.713610297371621275e-07
-1.358096273493375302e-07
-1.860075466368675042e-07
-1.854058073972971518e-07
-2.074358430464021242e-07
-2.068610372149538709e-07
-1.507272650706009956e-07
-1.566205499157369164e-07
-1.683424929218269335e-07
-1.436240710689828486e-07
-1.487306534366813463e-07
-1.422086702731069212e-07
-1.844271639940225947e-07
-1.823504040165900648e-07
-1.941344595941044959e-07
-1.875898380825144513e-07
-1.396783964368901137e-07
-2.126321751272984845e-07
-1.786071274945418703e-07
-2.050167792820848226e-07
-1.658646844825216111e-07
-1.902966416626550981e-07
-1.537481639184354064e-07
-1.879891982842574084e-07
-1.270797526516009503e-07
-1.820064260863450353e-07
-2.021277384943168055e-07
-2.879147598521547903e-07
-1.607551867878365928e-07
-2.052522161223157463e-07
-1.985045485458521365e-07
-1.763380688408502774e-07
-1.646109316586331580e-07
-1.971101360210190827e-07
-2.077732676611917013e-07
-1.669602553930213612e-07
-1.206382101367775755e-07
-1.983727345796885573e-07
-1.503312962476080987e-07
-1.325302037100954912e-07
-1.580766672108579761e-07
-1.561782217601653956e-07
-1.849178814662742008e-07
-2.147055384307597256e-07
-1.619178223710076809e-07
-1.852537242144050067e-07
-1.922387135109339493e-07
-2.308925264220509770e-07
-1.915139904300723700e-07
-2.857030317620154636e-07
-1.869424180455204918e-07
-1.999159801164425541e-07
-1.808067096520084970e-07
-1.313206863507343613e-07
-2.321984905549246387e-07
-1.363862274562366589e-07
-2.610643595385390145e-07
-1.108317148141171585e-07
-1.334473172534577504e-07
-3.225862707554172293e-07
-1.249869301327818281e-07
-2.101806485573598172e-07
-2.006065815788115799e-07
-1.936066682683341427e-07
-1.358675809373113280e-07
-1.735103953749755831e-07
-1.586325608093047834e-07
-1.584252857561439486e-07
-1.756033342656626011e-07
-2.067041251012734291e-07
-1.521836444994806784e-07
-1.601522125760807577e-07
-1.625817670917896466e-07
-1.510211172632336073e-07
-1.207201768609293051e-07
-1.444284574091476099e-07
-1.706616320968447824e-07
-1.515459246187819614e-07
-1.198357942821058408e-07
-1.589604778574800649e-07
-1.877887621541818325e-07
-2.419243158275328930e-07
-1.717976237596004030e-07
-3.127999439792540493e-07
-2.115496274127373791e-07
-1.696405318899824373e-07
-2.002411992847133501e-07
-2.537464431905457460e-07
-2.346621341359478585e-07
-1.313298829553963546e-07
-1.608091369834060570e-07
-1.868123646625512516e-07
-1.909096947329469352e-07
-1.818004277590083442e-07
-2.200197909517533908e-07
-2.307491757387406287e-07
-2.272753377278450157e-07
-3.175247332542335149e-07
-1.896966916148101019e-07
-1.014978398965257160e-07
-1.072225033125889896e-07
-2.283328246493698224e-07
-1.631471871322406781e-07
-1.688679429241863744e-07
-1.241158284017606798e-07
-1.200898900503051114e-07
-2.106942903575775398e-07
-3.826936142938702740e-07
-1.645307017789636393e-07
-2.238983736464512182e-07
-1.486033477371553159e-07
-2.053262640763466263e-07
-2.877288855473614536e-07
-2.261156316544294038e-07
-9.876858051404736925e-08
-2.004201537995948305e-07
-2.449068888100274290e-07
-1.952768515012375676e-07
-2.091560502378461829e-07
-1.775193373177666282e-07
-1.830925287730296297e-07
-1.332786304922346086e-07
-2.002028751411670463e-07
-1.843561849577288962e-07
-1.707758678606117199e-07
-2.021855439768506640e-07
-1.565777988798486408e-07
-1.808683864338262139e-07
-1.698902469413695877e-07
-2.006687056544437249e-07
-2.684041726194362939e-07
-2.198458872749819497e-07
-1.879170448908163205e-07
-1.855713964622228833e-07
-1.381165185006695189e-07
-2.004909875190401354e-07
-1.812487939728877238e-07
-1.489678922065925729e-07
-2.008862272335706778e-07
-1.623279647029341914e-07
-1.649881717803837691e-07
-2.089312808075023860e-07
-1.658609703087176772e-07
-1.528634403835865911e-07
-2.777128195705629006e-07
-1.041400361766064784e-07
-1.459876104104688424e-07
-1.231842622876231900e-07
-1.623087372750801964e-07
-1.672814452015388377e-07
-1.573399539307459476e-07
-1.993468040013855295e-07
-1.897514302934696136e-07
-1.981716100119862548e-07
-1.965033835848331398e-07
-1.827642354052653357e-07
-8.142827419977943827e-08
-1.964425367742029023e-07
-1.849149600116296819e-07
-2.019181306334625268e-07
-1.931824501117394550e-07
-1.538263824284759043e-07
-2.535970541167895926e-07
-1.157526367165437042e-07
-1.506248186365070527e-07
-2.129951420226263888e-07
-1.608069613895564969e-07
-1.929751331231552010e-07
-2.199360264052530998e-07
-3.734698661825676405e-07
-1.801805055839350326e-07
-2.068847483709558310e-07
-1.567200608588424352e-07
-1.691311924165855893e-07
-2.049538333842242297e-07
-2.048711156238663170e-07
-1.210770993414593972e-07
-1.946980731991974405e-07
-1.739892032088735658e-07
-1.554672856565452959e-07
-1.844828013799157350e-07
-2.128412678326162171e-07
-1.707009595120605842e-07
-1.717089192440302350e-07
-2.244892684816580977e-07
-1.768929984290158488e-07
-1.640443051643677800e-07
-1.462012038771529047e-07
-2.048739327820717441e-07
-2.048467355544729548e-07
-1.677579674220748750e-07
-1.862235163063240970e-07
-1.939178688557338027e-07
-1.626329430797656249e-07
-1.491202658429597342e-07
-2.302186494928883419e-07
-1.399955043734063014e-07
-1.471452453642206208e-07
-1.735179733845205991e-07
-1.877705431319073863e-07
-1.932739108029457610e-07
-1.493372360874073596e-07
-1.836612431583562512e-07
-1.826414152583561636e-07
-1.496048443640249675e-07
-1.956184869876466778e-07
-1.726363242430476295e-07
-1.979336830096366862e-07
-1.895842015035342733e-07
-1.633379544074550036e-07
-1.565294770809357929e-07
-1.896803160226555075e-07
-1.571846317965115604e-07
-1.587413632767752931e-07
-1.933746665216293344e-07
-1.878753398630042750e-07
-2.209827146301016245e-07
-1.121747237819117420e-07
-1.532942472476669467e-07
-3.414610101457761695e-07
-5.868642986499869604e-11
-1.410315999861183675e-07
-1.344662700822260223e-07
-1.591609680563980159e-07
-1.422322490290853406e-07
-1.701748906192207344e-07
-1.555184606084465609e-07
-1.867907551934827395e-07
-1.820482437937512907e-07
-1.829550822395208988e-07
-1.919226141253157123e-07
-1.777194418421582889e-07
-1.973782838683038535e-07
-1.813418986254002757e-07
-2.233095151195119483e-07
-1.681075857068384221e-07
-1.781926763576570172e-07
-2.387640530394383703e-07
-1.783522243065777252e-07
-2.898555345059834180e-07
-1.243346592506909566e-07
-1.898553789627482322e-07
-2.219179351874366302e-07
-2.276816802644741702e-07
-1.935663774718115845e-07
-2.606742185654148927e-07
-1.545287462841263482e-07
-1.862808226419060405e-07
-1.309466898404304823e-07
-1.495170357593720477e-07
-1.632056981016177507e-07
-1.782986174147949072e-07
-1.658892139304191743e-07
-2.156723331545493842e-07
-1.509559793680616982e-07
-1.618070496746562169e-07
-1.560793270173306110e-07
-1.780162612307944465e-07
-1.725356987859262900e-07
-1.539826278433792244e-07
-1.870233284486933553e-07
-2.047729635636921163e-07
-1.448046868695288497e-07
-2.084635310999034060e-07
-1.682824733565389774e-07
-1.455554688151396280e-07
-1.674474491651337761e-07
-1.492186031116266838e-07
-1.581981335564707662e-07
-1.430803132539523413e-07
-1.571512357605885574e-07
-1.452498814941486970e-07
-1.499024970248973068e-07
-1.544473688225533160e-07
-2.241178981740353295e-07
-1.309734545422725013e-07
-1.435230343964950622e-07
-1.491719152926253359e-07
-2.285974037293408674e-07
-1.713209113865867345e-07
-1.824297024029533234e-07
-2.218134972102351445e-07
-1.743875635986237694e-07
-1.505471934419898023e-07
-2.102590113478188767e-07
-1.516456072194121959e-07
-1.825184042706998748e-07
-1.987982810246850461e-07
-2.119788670955984040e-07
-1.734664198503612681e-07
-1.898402261897822156e-07
-2.016746229941836563e-07
-1.808614332111678050e-07
-1.631686435106284113e-07
-1.527202606373460738e-07
-1.676727222407664081e-07
-1.720280159946319175e-07
-2.025165463205471851e-07
-1.957546513546319687e-07
-1.861277877315761683e-07
-1.500061624438402404e-07
-1.527966094598946058e-07
-1.500416766958491372e-07
-1.767746025864555217e-07
-2.153173033571893558e-07
-1.722657697135698813e-07
-2.140363182357564938e-07
-1.247998307718828851e-07
-1.949165243772337379e-07
-1.765011066918841597e-07
-2.479986979707831196e-07
-1.461974901489390171e-07
-1.783648018635875334e-07
-1.846519361070373673e-07
-2.375200335688803366e-07
-2.248868145591121359e-07
-1.481318204015089444e-07
-2.183698713618161299e-07
-2.357397565321565822e-07
-1.909957398281723339e-07
-1.404499534336371461e-07
-1.745415047452938905e-07
-1.319756048391201073e-07
-1.135754467485915585e-07
-1.945972297668583826e-07
-2.423268166109469358e-07
-1.802738168089068671e-07
-2.897272924591703781e-07
-2.049326109063362262e-07
-1.298899464722995592e-07
-1.374633068889701206e-07
-1.572734618925877948e-07
-1.763983172566065146e-07
-1.834119607964663396e-07
-7.929448681248833433e-08
-1.863065105549900404e-07
-1.319639769051401439e-07
-1.683105143139973516e-07
-1.734018466008316281e-07
-1.437450336067303172e-07
3.358261656550098058e-08
-1.834361546337976223e-07
-1.967412983943136333e-07
-1.693952066145897377e-07
-1.640156076076117342e-07
-2.039073055963745060e-07
-2.075666225353288200e-07
-2.006990118795156049e-07
-1.926885961437212180e-07
-9.141939416680956601e-08
-2.023706455259155460e-07
-2.125397806619434555e-07
-1.661495089151160303e-07
-1.184994148994993864e-07
-1.562149214825387923e-07
-1.768239830437853700e-07
-1.765857887144344813e-07
-1.539950421706974051e-07
-1.722967120886910316e-07
-1.354525253076838308e-07
-1.309869986586106795e-07
-3.489362334333004917e-07
-2.032773577324296532e-07
-2.581282974982646024e-07
-1.855133907679985663e-07
-1.929912744560950536e-07
-1.583918315879505583e-07
-1.973540829138233889e-07
-1.680142274944592031e-07
-2.392081746596880822e-07
-1.742744295573494896e-07
-1.540239835632158652e-07
-1.405923972427245206e-07
-2.078123413288182177e-07
-1.441924457603852864e-07
-1.362004086429777998e-07
-1.572870599404748424e-07
-2.114916419410469011e-07
-1.476132921719759184e-07
-1.775417025923230662e-07
-1.958252869258453661e-07
-1.414363856280271693e-07
-1.783857977995515607e-07
-2.054964007324629509e-07
-1.912469028468309898e-07
-1.438416437899468182e-07
-1.729413942307196912e-07
-1.733442528885899267e-07
-1.750275322377884001e-07
-1.802781016647364921e-07
-1.827831322078966983e-07
-1.865785505647269259e-07
-1.963621107071291212e-07
-1.860867041372445919e-07
-1.950826910919545235e-07
-2.363287713112927488e-07
-2.142611219360861838e-07
-3.542739198907520073e-07
-1.621039145847213614e-07
-1.482600595200568762e-07
-1.558429997871585417e-07
-2.273296394473887991e-07
-1.724224287426041324e-07
-1.297027984827959572e-07
-3.521286476774127792e-07
-1.242073028144433335e-07
-1.575429470547744075e-07
-1.605730473736058014e-07
-1.786506958123399152e-07
-1.629093327783146265e-07
-1.352725071562254942e-07
-1.640514161434272862e-07
-2.391379564876537616e-07
-2.049778140577564613e-07
-1.914692751076551583e-07
-1.706607652702781978e-07
-1.806541860970132880e-07
-1.530627027826524378e-07
-1.802657959540993463e-07
-1.863627715257095982e-07
-1.824790846773350738e-07
-1.268486505258178580e-07
-2.108793816894830432e-07
-3.680293654425887109e-07
-1.729868120900622526e-07
-1.431423258765829753e-07
-1.722172409854176266e-07
-1.752010763172562096e-07
-2.608596296082041186e-07
-1.627833530989365378e-07
-1.849890232458395806e-07
-2.251930829712075305e-07
-3.044551831868933838e-07
-2.374608612668315878e-07
-1.884628029722492269e-07
-2.915764862606282585e-08
-1.531647468864329897e-07
-1.927096467538948152e-07
-1.492057495676471587e-07
-1.830678781752735526e-07
-2.068915289164704905e-07
-1.653816449499289187e-07
-1.875814734636310930e-07
-2.356447866315592613e-07
-2.318581238360313990e-07
-1.517356487193638499e-07
-3.319584728535754085e-07
-1.920732344492624410e-07
-1.786872009704333936e-07
-1.965559723931922252e-07
-1.438048062320561843e-07
-2.283737725379729628e-07
-1.476699817024852747e-07
-1.641620920401924288e-07
-2.457104143347261531e-07
-1.801730681285298547e-07
-1.038537486036679511e-07
-2.093933566340525961e-07
-7.198371045448727855e-08
-1.772604523293950582e-07
-1.724832929062920047e-07
-1.490433351503992140e-07
-1.763162334938807448e-07
-1.807173255674070200e-07
-1.782543070520821546e-07
-1.543973202461392765e-07
-1.820090934294073945e-07
-2.198534218845389526e-07
-1.944791971833325296e-07
-2.001491358558497540e-07
-2.072001273491000102e-07
-1.463204344162750718e-07
-1.575236544031097729e-07
-1.819621835873377283e-07
-1.506402926830247946e-07
-1.632026383305283689e-07
-2.030798636590038838e-07
-1.234990619236692549e-07
-2.044506904060162130e-07
-1.743645082967449454e-07
-1.724529963182862365e-07
-1.816915441464267148e-07
-1.822729684005865738e-07
-2.909921563333385132e-07
-1.545791174453656603e-07
-1.424742841911282269e-07
-1.829313508481698088e-07
-1.809368904154610039e-07
-1.886543688319139927e-07
-1.707095751964089591e-07
-1.282020793027594539e-07
-1.439417065201116329e-07
-2.168544210221290362e-07
-1.399980847388550022e-07
-1.985960729492600138e-07
-1.383292933241554043e-07
-2.103070305477788620e-07
-2.418585763726433498e-07
-1.747514528278624470e-07
-1.510544837598533805e-07
-2.028044420314638951e-07
-1.277834032616612420e-07
-2.284473181427935252e-07
-1.734471067683724306e-07
-3.714511237145767985e-07
-1.941011256291579966e-07
-1.323510394134444058e-07
-1.894396092085588796e-07
-1.342583591191029063e-07
-1.978082468998070033e-07
-1.973043512539196265e-07
-1.966800293746261398e-07
-1.157515399967168891e-07
-1.425970554087840071e-07
-1.923866052729530955e-07
-2.308311105735763139e-07
-2.088142204827190311e-07
-1.596436165522513534e-07
-1.553427168692173412e-07
-2.023403807753601950e-07
-1.764929922032585408e-07
-1.559106833429510015e-07
-1.604491441227407940e-07
-1.770542972963852825e-07
-1.868562621383204405e-07
-1.627763060110775228e-07
-1.401577344615550206e-07
-1.249310655446494309e-07
-2.375192490073797224e-07
-1.621417704770901526e-07
-1.616263383434232114e-07
-2.228133914077373486e-07
-1.949365173570832978e-07
-1.897753236820964392e-07
-1.399682895090676376e-07
-1.703658864034899827e-07
-2.117047867502979930e-07
-2.037790833742183598e-07
-2.114614854909692566e-07
-1.508455853048903329e-07
-1.576838273370126305e-07
-1.941160043031885122e-07
-1.510484890178871032e-07
-2.016422712702864436e-07
-1.872794435702644665e-07
-2.563013871188974201e-07
-1.608351202418456238e-07
-1.719174114106462303e-07
-2.024774129982869650e-07
